TYPE_RECORD,199087989,4,3,3,0.47433686,3.12763,-1.2144
TYPE_RECORD,199087989,9,3,3,0.821403,2.9500122,9.316283
TYPE_RECORD,199087989,10,3,3,-0.57240605,-0.3259671,0.6244424
TYPE_RECORD,199087990,11,16,3,0.062201153,0.14432827,0.9759671
TYPE_RECORD,199087990,9,3,3,0.76332206,2.9468882,9.32221
TYPE_RECORD,199087990,9,3,3,0.83306044,2.9577398,9.312798
TYPE_RECORD,199087990,10,3,3,-0.5143251,-0.32284313,0.6185154
TYPE_RECORD,199087990,11,91,3,0.05299923,0.14750895,0.97682106
TYPE_RECORD,199087990,4,3,3,-0.7147123,0.04886922,0.26419923
TYPE_RECORD,199087990,4,3,3,-0.46944994,-0.0015271631,0.049785517
TYPE_RECORD,199087990,9,3,3,0.5717943,2.9780316,9.326026
TYPE_RECORD,199087990,10,3,3,-0.3227973,-0.35398647,0.6146996
TYPE_RECORD,199087990,10,3,3,-0.5840635,-0.3336948,0.6279279
TYPE_RECORD,199087990,9,3,3,0.6163501,3.0139475,9.311638
TYPE_RECORD,199087990,11,81,3,0.05185949,0.14770101,0.97687876
TYPE_RECORD,199087990,4,3,3,-0.7110472,0.016798794,0.06383542
TYPE_RECORD,199087990,10,3,3,-0.36735317,-0.3899024,0.6290876
TYPE_RECORD,199087990,9,3,3,0.5472987,2.9705298,9.329888
TYPE_RECORD,199087990,10,3,3,-0.29830176,-0.34648472,0.6108371
TYPE_RECORD,199087990,4,3,3,0.47433686,3.2033772,1.956296
TYPE_RECORD,199087990,11,-75,3,0.064725496,0.14487979,0.9768819
TYPE_RECORD,199087990,11,-114,3,0.054485146,0.14923109,0.9764558
TYPE_RECORD,199087990,4,3,3,-0.6930266,0.0106901415,0.052534413
TYPE_RECORD,199087990,4,3,3,-1.056186,0.040317107,0.30024028
TYPE_RECORD,199087990,9,3,3,0.59362286,2.9776182,9.324796
TYPE_RECORD,199087990,10,3,3,-0.3446259,-0.3535732,0.6159294
TYPE_RECORD,199087991,11,-25,3,0.04734893,0.14651895,0.97712857
TYPE_RECORD,199087991,9,3,3,0.46730343,2.9357271,9.345241
TYPE_RECORD,199087991,10,3,3,-0.25678015,-0.32818508,0.60268945
TYPE_RECORD,199087991,4,3,3,-0.6979135,-0.008857546,0.099265605
TYPE_RECORD,199087991,1,3,3,-1.7142484,2.6431987,9.097966
TYPE_RECORD,199087991,4,3,3,-0.70096785,-0.018325957,0.112704635
TYPE_RECORD,199087991,2,3,3,7.02,-30.72,-25.8
TYPE_RECORD,199087991,10,3,3,-0.23696259,-0.32015052,0.5991005
TYPE_RECORD,199087991,9,3,3,0.48595956,2.9441955,9.341625
TYPE_RECORD,199087991,9,3,3,0.5057771,2.9522302,9.338036
TYPE_RECORD,199087991,11,92,3,0.048398815,0.14679998,0.97706443
TYPE_RECORD,199087991,11,-10,3,0.050672013,0.14744648,0.9768532
TYPE_RECORD,199087991,4,3,3,-0.7076874,0.0021380284,0.076052725
TYPE_RECORD,199087991,9,3,3,0.52717674,2.9610019,9.334075
TYPE_RECORD,199087991,10,3,3,-0.2781798,-0.3369567,0.6066502
TYPE_RECORD,199087991,11,-90,3,0.04952946,0.1471105,0.9769969
TYPE_RECORD,199087991,6,0,3,1017.3898,-34.40884,24.085415
TYPE_RECORD,199087991,4,3,3,-0.70738196,-0.0021380284,0.0888809
TYPE_RECORD,199087994,11,-73,3,0.046346616,0.14620988,0.9772018
TYPE_RECORD,199087994,10,3,3,-2.1815517,-0.29252836,-0.24727438
TYPE_RECORD,199088000,9,3,3,0.4504016,2.927944,9.348511
TYPE_RECORD,199088000,11,-120,3,0.045427825,0.14592764,0.977278
TYPE_RECORD,199088000,10,3,3,-2.16465,-0.28474516,-0.25054422
TYPE_RECORD,199088000,4,3,3,-0.70096785,-0.038179077,0.14263703
TYPE_RECORD,199088001,11,68,3,0.043163154,0.14630073,0.9773439
TYPE_RECORD,199088001,4,3,3,-0.6899723,-0.049480084,0.17684549
TYPE_RECORD,199088001,9,3,3,0.4063384,2.9286535,9.350307
TYPE_RECORD,199088001,10,3,3,-2.1205869,-0.28545478,-0.25234103
TYPE_RECORD,199088001,4,3,3,-0.68325275,-0.070249505,0.19639318
TYPE_RECORD,199088001,9,3,3,0.36519873,2.9288647,9.35194
TYPE_RECORD,199088001,10,3,3,-2.0794473,-0.28566608,-0.2539736
TYPE_RECORD,199088001,4,3,3,-0.6747007,-0.09468412,0.26083946
TYPE_RECORD,199088001,9,3,3,0.327152,2.9292827,9.353218
TYPE_RECORD,199088001,4,3,3,-0.64843345,-0.111177474,0.31887165
TYPE_RECORD,199088001,9,3,3,0.29103225,2.9305985,9.353999
TYPE_RECORD,199088001,10,3,3,-2.0052807,-0.28739977,-0.2560323
TYPE_RECORD,199088001,11,21,3,0.03711943,0.14731252,0.9776092
TYPE_RECORD,199088001,6,0,3,1017.3733,-34.271523,28.427082
TYPE_RECORD,199088001,4,3,3,-0.59223384,-0.101098195,0.35705075
TYPE_RECORD,199088001,11,-73,3,0.041033156,0.14662907,0.97741663
TYPE_RECORD,199088001,9,3,3,0.2564772,2.9334307,9.354122
TYPE_RECORD,199088001,10,3,3,-1.9707257,-0.29023206,-0.2561556
TYPE_RECORD,199088001,11,-96,3,0.039028425,0.14695391,0.97751456
TYPE_RECORD,199088001,10,3,3,-2.0414004,-0.28608403,-0.25525135
TYPE_RECORD,199088002,10,3,3,-1.8005227,-0.36475423,-0.23558454
TYPE_RECORD,199088002,4,3,3,0.055588737,0.15577064,0.4978552
TYPE_RECORD,199088002,9,3,3,0.12214959,2.9830241,9.341148
TYPE_RECORD,199088002,11,-21,3,0.035280775,0.14774235,0.97770774
TYPE_RECORD,199088002,4,3,3,-0.4886922,-0.064751714,0.39584067
TYPE_RECORD,199088002,9,3,3,0.22324239,2.9393759,9.353109
TYPE_RECORD,199088002,10,3,3,-1.9374908,-0.29617724,-0.25514323
TYPE_RECORD,199088002,4,3,3,-0.35430184,-0.01863139,0.42302418
TYPE_RECORD,199088002,9,3,3,0.19034532,2.9490433,9.350792
TYPE_RECORD,199088002,11,77,3,0.03350718,0.14832905,0.9778024
TYPE_RECORD,199088002,11,-58,3,0.03176439,0.14910853,0.9778768
TYPE_RECORD,199088002,4,3,3,-0.22296582,0.037873644,0.4541783
TYPE_RECORD,199088002,9,3,3,0.15677755,2.9629128,9.347031
TYPE_RECORD,199088002,10,3,3,-1.8710259,-0.3197142,-0.24906419
TYPE_RECORD,199088002,11,80,3,0.029996712,0.15011442,0.97793376
TYPE_RECORD,199088002,10,3,3,-1.9045937,-0.30584466,-0.25282502
TYPE_RECORD,199088002,4,3,3,-0.07849618,0.096516706,0.47647488
TYPE_RECORD,199088002,10,3,3,-1.836398,-0.33982554,-0.24318157
TYPE_RECORD,199088002,11,-90,3,0.028208097,0.15145409,0.97794646
TYPE_RECORD,199088002,9,3,3,0.08627423,3.007953,9.333551
TYPE_RECORD,199088003,10,3,3,-1.7644202,-0.39579967,-0.22578561
TYPE_RECORD,199088003,4,3,3,0.54153204,0.33505958,0.41416663
TYPE_RECORD,199088003,6,0,3,1017.3928,-34.4339,28.433332
TYPE_RECORD,199088003,4,3,3,0.19792034,0.18509217,0.50243664
TYPE_RECORD,199088003,11,-55,3,0.026372125,0.15305518,0.97792906
TYPE_RECORD,199088003,9,3,3,0.050171707,3.0389984,9.323752
TYPE_RECORD,199088003,9,3,3,0.0064332844,3.0722528,9.312983
TYPE_RECORD,199088003,11,73,3,0.020536829,0.15975358,0.9775404
TYPE_RECORD,199088003,11,-66,3,0.024560666,0.15497647,0.9778581
TYPE_RECORD,199088003,4,3,3,0.50793445,0.35888332,0.39400807
TYPE_RECORD,199088003,11,-101,3,0.022383314,0.15706405,0.9777485
TYPE_RECORD,199088003,9,3,3,-0.032101247,3.1176665,9.297823
TYPE_RECORD,199088003,10,3,3,-1.7206817,-0.429054,-0.21501638
TYPE_RECORD,199088003,10,3,3,-1.6409476,-0.51309973,-0.18658055
TYPE_RECORD,199088003,4,3,3,0.49296826,0.3032946,0.42638394
TYPE_RECORD,199088003,10,3,3,-1.6821473,-0.4744678,-0.19985622
TYPE_RECORD,199088003,11,55,3,0.016484367,0.16472301,0.97713864
TYPE_RECORD,199088003,9,3,3,-0.073300764,3.1562984,9.284547
TYPE_RECORD,199088003,4,3,3,0.27855456,0.3213151,0.42241332
TYPE_RECORD,199088003,4,3,3,0.45875978,0.28008172,0.44104472
TYPE_RECORD,199088003,11,-6,3,0.018503843,0.16210338,0.97737277
TYPE_RECORD,199088003,9,3,3,-0.115052395,3.2000313,9.26914
TYPE_RECORD,199088003,10,3,3,-1.5991961,-0.5568325,-0.17117374
TYPE_RECORD,199088004,9,3,3,-0.15444171,3.2442713,9.253176
TYPE_RECORD,199088004,11,2,3,0.014573396,0.16735296,0.97689533
TYPE_RECORD,199088004,10,3,3,-1.5598066,-0.6010726,-0.15520927
TYPE_RECORD,199088021,4,3,3,0.4334089,0.24190263,0.4428773
TYPE_RECORD,199088023,4,3,3,0.42332962,0.21044308,0.4428773
TYPE_RECORD,199088023,9,3,3,-0.1905027,3.285082,9.238091
TYPE_RECORD,199088023,10,3,3,-1.5237458,-0.6418834,-0.1401251
TYPE_RECORD,199088023,11,-42,3,0.0128046395,0.16977772,0.97667015
TYPE_RECORD,199088024,9,3,3,-0.22451481,3.3235552,9.223555
TYPE_RECORD,199088024,10,3,3,-1.4897336,-0.6803566,-0.12558863
TYPE_RECORD,199088025,11,-56,3,0.011113343,0.1720642,0.97646064
TYPE_RECORD,199088025,9,3,3,-0.25534448,3.3594718,9.20973
TYPE_RECORD,199088025,11,71,3,0.009563018,0.17419237,0.97626615
TYPE_RECORD,199088025,9,3,3,-0.2834197,3.3935878,9.196392
TYPE_RECORD,199088025,11,70,3,0.008148799,0.17620474,0.9760731
TYPE_RECORD,199088025,4,3,3,0.4025602,0.11453723,0.42577308
TYPE_RECORD,199088025,10,3,3,-1.458904,-0.7162731,-0.11176351
TYPE_RECORD,199088025,10,3,3,-1.4308287,-0.75038904,-0.09842531
TYPE_RECORD,199088025,4,3,3,0.4129449,0.17073683,0.4447099
TYPE_RECORD,199088026,6,0,3,1017.32434,-33.865574,28.460415
TYPE_RECORD,199088028,9,3,3,-0.3105252,3.4265501,9.183286
TYPE_RECORD,199088028,4,3,3,0.40408736,0.1001819,0.42058071
TYPE_RECORD,199088029,11,-11,3,0.0067644436,0.17814893,0.9758892
TYPE_RECORD,199088029,10,3,3,-1.4037232,-0.7833514,-0.085319154
TYPE_RECORD,199088034,4,3,3,0.408058,0.1160644,0.41691554
TYPE_RECORD,199088034,9,3,3,-0.33601436,3.457942,9.170613
TYPE_RECORD,199088034,11,-103,3,0.005457609,0.17999764,0.97570765
TYPE_RECORD,199088034,10,3,3,-1.3782341,-0.81474346,-0.07264672
TYPE_RECORD,199088048,4,3,3,0.38453966,0.12064589,0.42241332
TYPE_RECORD,199088050,9,3,3,-0.3831063,3.5147896,9.147124
TYPE_RECORD,199088050,10,3,3,-1.3546646,-0.8438164,-0.060735334
TYPE_RECORD,199088050,9,3,3,-0.35958388,3.487015,9.158702
TYPE_RECORD,199088050,4,3,3,0.35246924,0.124005646,0.4343252
TYPE_RECORD,199088050,11,104,3,0.0042298837,0.18170936,0.9755438
TYPE_RECORD,199088051,10,3,3,-1.3311421,-0.87159085,-0.04915771
TYPE_RECORD,199088051,10,3,3,-1.3087432,-0.89730394,-0.038270403
TYPE_RECORD,199088051,4,3,3,0.3213151,0.110872045,0.4373795
TYPE_RECORD,199088051,9,3,3,-0.40550524,3.5405025,9.136237
TYPE_RECORD,199088051,11,33,3,0.0017917409,0.1848741,0.9752479
TYPE_RECORD,199088051,11,-22,3,0.0029894053,0.18335089,0.9753886
TYPE_RECORD,199088053,4,3,3,0.27916542,0.12003502,0.46211955
TYPE_RECORD,199088054,9,3,3,-0.42788306,3.563384,9.126313
TYPE_RECORD,199088054,10,3,3,-1.2863654,-0.9201853,-0.028346974
TYPE_RECORD,199088054,11,-104,3,5.5506255E-4,0.18624501,0.97514224
TYPE_RECORD,199088059,9,3,3,-0.44827524,3.5833461,9.117514
TYPE_RECORD,199088059,10,3,3,-1.2659732,-0.94014734,-0.019546997
TYPE_RECORD,199088059,4,3,3,0.22296582,0.109650314,0.4804455
TYPE_RECORD,199088060,11,-122,3,-5.9736846E-4,0.18744545,0.97506124
TYPE_RECORD,199088063,9,3,3,-0.46835434,3.6010036,9.109544
TYPE_RECORD,199088063,4,3,3,0.17501289,0.09437868,0.47403142
TYPE_RECORD,199088064,10,3,3,-1.2458941,-0.9578049,-0.011577625
TYPE_RECORD,199088064,11,-101,3,-0.0017518264,0.18851902,0.9750004
TYPE_RECORD,199088068,6,0,3,1017.35205,-34.096115,28.485416
TYPE_RECORD,199088068,4,3,3,0.124311075,0.09132435,0.46731192
TYPE_RECORD,199088069,11,76,3,-0.0029031609,0.18941006,0.9749761
TYPE_RECORD,199088069,9,3,3,-0.48774657,3.6153688,9.102836
TYPE_RECORD,199088069,10,3,3,-1.2265018,-0.9721701,-0.0048690676
TYPE_RECORD,199088074,9,3,3,-0.5062705,3.627459,9.097013
TYPE_RECORD,199088074,10,3,3,-1.2079779,-0.9842604,9.533552E-4
TYPE_RECORD,199088074,4,3,3,0.0842994,0.089186326,0.45631635
TYPE_RECORD,199088074,11,-4,3,-0.0040199445,0.19017185,0.9749693
TYPE_RECORD,199088078,4,3,3,0.040317107,0.10842858,0.44593164
TYPE_RECORD,199088079,10,3,3,-1.188891,-0.99339145,0.0056844754
TYPE_RECORD,199088079,9,3,3,-0.5253574,3.6365902,9.092282
TYPE_RECORD,199088079,11,21,3,-0.0051850188,0.19077668,0.9749887
TYPE_RECORD,199088084,4,3,3,0.028099801,0.12736541,0.44043383
TYPE_RECORD,199088084,9,3,3,-0.5440763,3.6449525,9.0878315
TYPE_RECORD,199088084,11,-105,3,-0.0063344217,0.19133584,0.97501206
TYPE_RECORD,199088084,10,3,3,-1.1701721,-1.0017539,0.010135025
TYPE_RECORD,199088088,4,3,3,0.0070249503,0.1518,0.4251622
TYPE_RECORD,199088088,9,3,3,-0.5639133,3.650561,9.084372
TYPE_RECORD,199088089,10,3,3,-1.1503352,-1.0073624,0.01359481
TYPE_RECORD,199088089,11,-92,3,-0.007552813,0.19175231,0.9750559
TYPE_RECORD,199088095,4,3,3,-0.0030543262,0.16584991,0.41325033
TYPE_RECORD,199088095,11,82,3,-0.008776532,0.19214888,0.97510046
TYPE_RECORD,199088095,10,3,3,-1.130459,-1.0126383,0.016972179
TYPE_RECORD,199088095,9,3,3,-0.58378947,3.655837,9.080995
TYPE_RECORD,199088098,4,3,3,-0.009162978,0.17195857,0.41508293
TYPE_RECORD,199088098,9,3,3,-0.60403025,3.660107,9.0779505
TYPE_RECORD,199088099,11,28,3,-0.010027601,0.19249125,0.9751532
TYPE_RECORD,199088099,10,3,3,-1.1102182,-1.0169083,0.020016368
TYPE_RECORD,199088104,4,3,3,0.007941248,0.18600847,0.40378192
TYPE_RECORD,199088104,11,-59,3,-0.011321662,0.19285518,0.9751927
TYPE_RECORD,199088104,10,3,3,-1.0889461,-1.0214976,0.023309564
TYPE_RECORD,199088104,9,3,3,-0.6253023,3.6646962,9.0746565
TYPE_RECORD,199088105,6,0,3,1017.32245,-33.849537,28.495832
TYPE_RECORD,199088109,4,3,3,0.01282817,0.19028452,0.39584067
TYPE_RECORD,199088109,9,3,3,-0.6458988,3.6682816,9.071765
TYPE_RECORD,199088109,11,-47,3,-0.012590522,0.19315852,0.97524303
TYPE_RECORD,199088109,10,3,3,-1.0683496,-1.0250828,0.026201779
TYPE_RECORD,199088114,4,3,3,0.030543262,0.18600847,0.39095375
TYPE_RECORD,199088114,9,3,3,-0.6664624,3.6729968,9.068371
TYPE_RECORD,199088114,11,-55,3,-0.013849141,0.19352022,0.9752773
TYPE_RECORD,199088114,10,3,3,-1.047786,-1.0297982,0.029596098
TYPE_RECORD,199088118,4,3,3,0.035430185,0.1704314,0.39370266
TYPE_RECORD,199088118,9,3,3,-0.68628174,3.6771479,9.065208
TYPE_RECORD,199088119,11,26,3,-0.015073369,0.19384487,0.9753162
TYPE_RECORD,199088119,10,3,3,-1.0279666,-1.0339491,0.032757778
TYPE_RECORD,199088122,1,3,3,-0.79487497,3.8977604,7.28795
TYPE_RECORD,199088122,2,3,3,6.24,-25.439999,-22.5
TYPE_RECORD,199088124,4,3,3,0.021991149,0.16371189,0.39920044
TYPE_RECORD,199088124,9,3,3,-0.7059271,3.6810458,9.062118
TYPE_RECORD,199088124,11,-124,3,-0.016290905,0.19415265,0.9753556
TYPE_RECORD,199088124,10,3,3,-0.08894787,0.21671471,-1.7741678
TYPE_RECORD,199088128,4,3,3,0.008857546,0.14080444,0.39003745
TYPE_RECORD,199088129,9,3,3,-0.72396487,3.6849167,9.059121
TYPE_RECORD,199088129,11,87,3,-0.017417856,0.19444808,0.97539175
TYPE_RECORD,199088129,10,3,3,-0.0709101,0.21284372,-1.7711709
TYPE_RECORD,199088134,4,3,3,-0.01740966,0.12034045,0.38820487
TYPE_RECORD,199088134,9,3,3,-0.73085815,3.6991556,9.052762
TYPE_RECORD,199088134,11,96,3,-0.017848408,0.19524108,0.975305
TYPE_RECORD,199088134,10,3,3,-0.06401684,0.19860476,-1.7648119
TYPE_RECORD,199088139,4,3,3,-0.04184427,0.09987647,0.38789943
TYPE_RECORD,199088139,9,3,3,-0.73679614,3.7124784,9.046826
TYPE_RECORD,199088139,10,3,3,-0.058078825,0.18528204,-1.7588761
TYPE_RECORD,199088139,11,-62,3,-0.018229173,0.19597971,0.97522527
TYPE_RECORD,199088144,4,3,3,-0.06963864,0.076358154,0.3827071
TYPE_RECORD,199088144,9,3,3,-0.7417606,3.7240973,9.041641
TYPE_RECORD,199088144,10,3,3,-0.053114336,0.17366321,-1.7536913
TYPE_RECORD,199088144,11,66,3,-0.018563665,0.19662142,0.97516143
TYPE_RECORD,199088145,6,0,3,1017.26495,-33.372402,28.529167
TYPE_RECORD,199088148,4,3,3,-0.093462385,0.06383542,0.38423425
TYPE_RECORD,199088148,9,3,3,-0.74616617,3.734512,9.0369835
TYPE_RECORD,199088149,10,3,3,-0.048708793,0.1632482,-1.7490339
TYPE_RECORD,199088149,11,-29,3,-0.018878099,0.19719474,0.9751117
TYPE_RECORD,199088153,4,3,3,-0.106901415,0.04184427,0.3827071
TYPE_RECORD,199088154,9,3,3,-0.7492466,3.7438455,9.032866
TYPE_RECORD,199088154,11,-80,3,-0.019122329,0.19770288,0.97507143
TYPE_RECORD,199088154,10,3,3,-0.045628365,0.15391484,-1.7449154
TYPE_RECORD,199088158,4,3,3,-0.11026118,0.022907447,0.37843102
TYPE_RECORD,199088159,9,3,3,-0.75195,3.7523258,9.02912
TYPE_RECORD,199088159,10,3,3,-0.04292495,0.1454346,-1.7411703
TYPE_RECORD,199088159,11,-48,3,-0.01934979,0.19816302,0.97503924
TYPE_RECORD,199088163,4,3,3,-0.10720685,0.0018325958,0.3753767
TYPE_RECORD,199088164,9,3,3,-0.75361913,3.7602782,9.025673
TYPE_RECORD,199088164,11,72,3,-0.019523447,0.19858913,0.97501266
TYPE_RECORD,199088164,10,3,3,-0.041255847,0.13748218,-1.7377229
TYPE_RECORD,199088169,4,3,3,-0.105374254,-0.02076942,0.36682457
TYPE_RECORD,199088169,11,122,3,-0.01965691,0.1989882,0.97498775
TYPE_RECORD,199088169,10,3,3,-0.040262744,0.12997459,-1.7345079
TYPE_RECORD,199088169,9,3,3,-0.7546122,3.7677858,9.022458
TYPE_RECORD,199088174,4,3,3,-0.10629055,-0.026267206,0.36102137
TYPE_RECORD,199088174,9,3,3,-0.7555123,3.7751033,9.019324
TYPE_RECORD,199088174,11,88,3,-0.0197852,0.19937669,0.9749638
TYPE_RECORD,199088174,10,3,3,-0.039362654,0.12265695,-1.7313744
TYPE_RECORD,199088179,4,3,3,-0.09621128,-0.04917465,0.34391713
TYPE_RECORD,199088179,9,3,3,-0.75507677,3.7827206,9.016168
TYPE_RECORD,199088179,11,-65,3,-0.019827815,0.19977553,0.9749314
TYPE_RECORD,199088179,10,3,3,-0.039798196,0.11503976,-1.728218
TYPE_RECORD,199088183,4,3,3,-0.09254608,-0.06169739,0.3368922
TYPE_RECORD,199088183,9,3,3,-0.7548732,3.7898269,9.0132
TYPE_RECORD,199088183,11,125,3,-0.01988689,0.20014803,0.9749044
TYPE_RECORD,199088183,10,3,3,-0.040001757,0.10793343,-1.7252502
TYPE_RECORD,199088185,6,0,3,1017.2826,-33.518753,28.514584
TYPE_RECORD,199088188,4,3,3,-0.079107046,-0.0693332,0.3304781
TYPE_RECORD,199088188,9,3,3,-0.754267,3.7975595,9.009995
TYPE_RECORD,199088188,11,-45,3,-0.01991073,0.2005534,0.97486544
TYPE_RECORD,199088188,10,3,3,-0.040607978,0.10020079,-1.7220459
TYPE_RECORD,199088193,4,3,3,-0.0711658,-0.08277224,0.3304781
TYPE_RECORD,199088194,9,3,3,-0.7529483,3.8050003,9.006966
TYPE_RECORD,199088194,11,-3,3,-0.019896027,0.20093958,0.97482914
TYPE_RECORD,199088194,10,3,3,-0.04192666,0.092760116,-1.7190158
TYPE_RECORD,199088198,4,3,3,-0.04795292,-0.08979719,0.31887165
TYPE_RECORD,199088198,9,3,3,-0.7520162,3.813446,9.003471
TYPE_RECORD,199088198,10,3,3,-0.042858753,0.08431436,-1.7155215
TYPE_RECORD,199088199,11,127,3,-0.019885905,0.20138344,0.9747755
TYPE_RECORD,199088204,4,3,3,-0.03634648,-0.111177474,0.30115658
TYPE_RECORD,199088204,9,3,3,-0.7500605,3.821475,9.000232
TYPE_RECORD,199088204,11,118,3,-0.01981786,0.20180006,0.974725
TYPE_RECORD,199088204,10,3,3,-0.04481449,0.07628537,-1.7122815
TYPE_RECORD,199088209,4,3,3,-0.02321288,-0.116980694,0.29718593
TYPE_RECORD,199088209,9,3,3,-0.7485497,3.830371,8.996574
TYPE_RECORD,199088209,10,3,3,-0.04632526,0.06738953,-1.7086241
TYPE_RECORD,199088209,11,98,3,-0.019769272,0.20226622,0.9746636
TYPE_RECORD,199088214,4,3,3,-0.017104227,-0.13347405,0.2941316
TYPE_RECORD,199088214,9,3,3,-0.7460225,3.839146,8.993042
TYPE_RECORD,199088214,10,3,3,-0.04885244,0.058614396,-1.7050924
TYPE_RECORD,199088214,11,-93,3,-0.019655691,0.20272183,0.9745993
TYPE_RECORD,199088219,4,3,3,-0.01985312,-0.13988814,0.27214047
TYPE_RECORD,199088219,9,3,3,-0.7442318,3.8477542,8.989511
TYPE_RECORD,199088219,10,3,3,-0.050643124,0.05000614,-1.7015603
TYPE_RECORD,199088219,11,89,3,-0.019568851,0.20317382,0.97452915
TYPE_RECORD,199088223,4,3,3,-0.02076942,-0.13927728,0.26389378
TYPE_RECORD,199088224,9,3,3,-0.7419256,3.8564837,8.98596
TYPE_RECORD,199088224,11,123,3,-0.0194579,0.20362948,0.9744599
TYPE_RECORD,199088224,10,3,3,-0.052949354,0.0412766,-1.6980104
TYPE_RECORD,199088225,6,0,3,1017.176,-32.6346,28.53125
TYPE_RECORD,199088228,4,3,3,-0.02687807,-0.14049901,0.25259277
TYPE_RECORD,199088228,11,-124,3,-0.019346923,0.20404932,0.9743911
TYPE_RECORD,199088228,10,3,3,-0.055043112,0.033259004,-1.6947377
TYPE_RECORD,199088228,9,3,3,-0.73983186,3.8645015,8.982688
TYPE_RECORD,199088233,4,3,3,-0.043982297,-0.14752395,0.24373524
TYPE_RECORD,199088233,11,-75,3,-0.019233944,0.20442575,0.97432923
TYPE_RECORD,199088233,10,3,3,-0.057168506,0.02604922,-1.6918075
TYPE_RECORD,199088233,9,3,3,-0.7377065,3.8717113,8.979757
TYPE_RECORD,199088238,4,3,3,-0.06047566,-0.16279559,0.2321288
TYPE_RECORD,199088238,11,-95,3,-0.0191107,0.20477381,0.9742693
TYPE_RECORD,199088238,10,3,3,-0.059368502,0.019373102,-1.6891075
TYPE_RECORD,199088238,9,3,3,-0.7355065,3.8783872,8.977057
TYPE_RECORD,199088243,4,3,3,-0.07941248,-0.183565,0.22204952
TYPE_RECORD,199088243,11,-17,3,-0.018969404,0.20506063,0.9742197
TYPE_RECORD,199088243,10,3,3,-0.0619111,0.013804654,-1.6869056
TYPE_RECORD,199088243,9,3,3,-0.73296386,3.8839557,8.974855
TYPE_RECORD,199088249,4,3,3,-0.111177474,-0.20525073,0.22143865
TYPE_RECORD,199088249,11,-94,3,-0.018800864,0.20526353,0.97418684
TYPE_RECORD,199088249,10,3,3,-0.065055825,0.009729952,-1.6853987
TYPE_RECORD,199088249,9,3,3,-0.7298191,3.8880305,8.973349
TYPE_RECORD,199088253,4,3,3,-0.15088372,-0.23701571,0.20555615
TYPE_RECORD,199088253,9,3,3,-0.7258791,3.8906693,8.972526
TYPE_RECORD,199088254,10,3,3,-0.06899587,0.0070911273,-1.6845752
TYPE_RECORD,199088254,11,83,3,-0.018581234,0.20538586,0.97416425
TYPE_RECORD,199088258,4,3,3,-0.19975294,-0.27214047,0.19211712
TYPE_RECORD,199088259,11,-126,3,-0.018314816,0.20539895,0.97416455
TYPE_RECORD,199088259,10,3,3,-0.07397651,0.0063663204,-1.6846628
TYPE_RECORD,199088259,9,3,3,-0.72089845,3.8913941,8.972612
TYPE_RECORD,199088264,4,3,3,-0.23090707,-0.3100141,0.16646078
TYPE_RECORD,199088264,11,84,3,-0.01799036,0.20534882,0.9741706
TYPE_RECORD,199088264,10,3,3,-0.07981997,0.0067526894,-1.6852958
TYPE_RECORD,199088264,9,3,3,-0.715055,3.8910077,8.973246
TYPE_RECORD,199088266,6,0,3,1017.2847,-33.536797,28.527082
TYPE_RECORD,199088268,4,3,3,-0.2611449,-0.33078352,0.15332718
TYPE_RECORD,199088268,9,3,3,-0.7085848,3.888522,8.974838
TYPE_RECORD,199088269,10,3,3,-0.08629019,0.009238369,-1.6868881
TYPE_RECORD,199088269,11,-8,3,-0.017641043,0.20518157,0.97420067
TYPE_RECORD,199088273,4,3,3,-0.27305678,-0.35735616,0.12095132
TYPE_RECORD,199088273,11,47,3,-0.01721958,0.20497751,0.9742267
TYPE_RECORD,199088273,10,3,3,-0.093667,0.012356501,-1.6888182
TYPE_RECORD,199088273,9,3,3,-0.70120794,3.8854039,8.9767685
TYPE_RECORD,199088278,4,3,3,-0.27305678,-0.36865717,0.086437434
TYPE_RECORD,199088278,9,3,3,-0.694066,3.8815572,8.978985
TYPE_RECORD,199088279,10,3,3,-0.100808986,0.01620324,-1.6910347
TYPE_RECORD,199088279,11,-118,3,-0.01680519,0.20473583,0.9742561
TYPE_RECORD,199088283,4,3,3,-0.29352075,-0.38881573,0.076358154
TYPE_RECORD,199088283,9,3,3,-0.6856679,3.876398,8.981858
TYPE_RECORD,199088284,10,3,3,-0.1092071,0.02136223,-1.6939082
TYPE_RECORD,199088284,11,22,3,-0.016324347,0.20441668,0.97429895
TYPE_RECORD,199088289,4,3,3,-0.3118467,-0.39400807,0.065973446
TYPE_RECORD,199088289,11,-36,3,-0.015877021,0.20411193,0.9743297
TYPE_RECORD,199088289,10,3,3,-0.11660934,0.026376259,-1.6966338
TYPE_RECORD,199088289,9,3,3,-0.67826563,3.8713841,8.984584
TYPE_RECORD,199088293,4,3,3,-0.3371976,-0.37659842,0.06566802
TYPE_RECORD,199088293,11,4,3,-0.015449714,0.20375215,0.97437125
TYPE_RECORD,199088293,10,3,3,-0.123737514,0.032429274,-1.6997745
TYPE_RECORD,199088293,9,3,3,-0.67113745,3.8653312,8.987724
TYPE_RECORD,199088298,4,3,3,-0.36957347,-0.35460728,0.06536258
TYPE_RECORD,199088299,11,118,3,-0.015039469,0.20334254,0.9744199
TYPE_RECORD,199088299,10,3,3,-0.1305355,0.039437693,-1.7032887
TYPE_RECORD,199088299,9,3,3,-0.6643395,3.8583226,8.991239
TYPE_RECORD,199088303,4,3,3,-0.40958515,-0.30634892,0.07727446
TYPE_RECORD,199088303,9,3,3,-0.6594076,3.850119,8.99512
TYPE_RECORD,199088303,10,3,3,-0.13546734,0.047641166,-1.7071699
TYPE_RECORD,199088304,11,83,3,-0.014743421,0.2028774,0.97448313
TYPE_RECORD,199088305,6,0,3,1017.3218,-33.844524,28.535416
TYPE_RECORD,199088308,4,3,3,-0.4615087,-0.26083946,0.076052725
TYPE_RECORD,199088308,11,-46,3,-0.014516318,0.20232424,0.974561
TYPE_RECORD,199088308,10,3,3,-0.13916911,0.05760025,-1.7116946
TYPE_RECORD,199088308,9,3,3,-0.65570587,3.8401601,8.999644
TYPE_RECORD,199088313,4,3,3,-0.52381694,-0.22357668,0.065973446
TYPE_RECORD,199088313,11,-108,3,-0.0143995145,0.20167595,0.97465956
TYPE_RECORD,199088313,10,3,3,-0.14107129,0.06949177,-1.7168975
TYPE_RECORD,199088313,9,3,3,-0.65380365,3.8282685,9.004848
TYPE_RECORD,199088318,4,3,3,-0.60231316,-0.20525073,0.059253927
TYPE_RECORD,199088318,11,35,3,-0.014362387,0.20088923,0.9747874
TYPE_RECORD,199088318,10,3,3,-0.1418121,0.08405805,-1.7231314
TYPE_RECORD,199088318,9,3,3,-0.6530629,3.8137023,9.011082
TYPE_RECORD,199088322,1,3,3,0.48841715,5.0182467,12.555194
TYPE_RECORD,199088322,2,3,3,5.64,-20.22,-19.32
TYPE_RECORD,199088323,4,3,3,-0.6462954,-0.17745635,0.043066
TYPE_RECORD,199088323,9,3,3,-0.65475726,3.7982779,9.01747
TYPE_RECORD,199088323,11,-85,3,-0.014452848,0.20007025,0.9749175
TYPE_RECORD,199088323,10,3,3,1.1431744,1.2199688,3.5377235
TYPE_RECORD,199088328,4,3,3,-0.7351763,-0.14966199,0.034208454
TYPE_RECORD,199088328,9,3,3,-0.6572001,3.777846,9.025871
TYPE_RECORD,199088328,10,3,3,1.1456172,1.2404008,3.5293229
TYPE_RECORD,199088328,11,124,3,-0.014613217,0.19898514,0.9751022
TYPE_RECORD,199088333,4,3,3,-0.8206975,-0.12644911,0.029321533
TYPE_RECORD,199088333,10,3,3,1.1233622,1.2757012,3.5130367
TYPE_RECORD,199088333,11,54,3,-0.013519428,0.19696592,0.9754661
TYPE_RECORD,199088333,9,3,3,-0.63494503,3.7425456,9.042157
TYPE_RECORD,199088338,4,3,3,-0.88697636,-0.096516706,0.034513887
TYPE_RECORD,199088338,11,48,3,-0.012555981,0.19483162,0.9758476
TYPE_RECORD,199088338,10,3,3,1.103227,1.3133833,3.4961448
TYPE_RECORD,199088338,9,3,3,-0.61480993,3.7048635,9.059049
TYPE_RECORD,199088343,4,3,3,-0.93218035,-0.06536258,0.031154128
TYPE_RECORD,199088343,11,-87,3,-0.011700683,0.19259629,0.97624004
TYPE_RECORD,199088343,10,3,3,1.0849738,1.3531816,3.4787505
TYPE_RECORD,199088343,9,3,3,-0.59655666,3.665065,9.076443
TYPE_RECORD,199088345,6,0,3,1017.1759,-32.633602,28.5625
TYPE_RECORD,199088348,4,3,3,-0.9550878,-0.04337143,0.017104227
TYPE_RECORD,199088348,11,61,3,-0.010932267,0.19031212,0.9766342
TYPE_RECORD,199088348,10,3,3,1.0682309,1.3940917,3.4612558
TYPE_RECORD,199088348,9,3,3,-0.5798138,3.624155,9.093938
TYPE_RECORD,199088353,4,3,3,-0.9633345,-0.014049901,0.0125227375
TYPE_RECORD,199088353,11,18,3,-0.010281962,0.18801826,0.9770261
TYPE_RECORD,199088353,10,3,3,1.05354,1.4354376,3.4439633
TYPE_RECORD,199088353,9,3,3,-0.5651228,3.5828092,9.111231
TYPE_RECORD,199088358,4,3,3,-0.9596693,0.02321288,0.007330383
TYPE_RECORD,199088358,11,70,3,-0.009731615,0.18576007,0.9774016
TYPE_RECORD,199088358,10,3,3,1.0408489,1.4763807,3.4271922
TYPE_RECORD,199088358,9,3,3,-0.5524316,3.541866,9.128001
TYPE_RECORD,199088363,4,3,3,-0.9456194,0.03756821,-6.1086525E-4
TYPE_RECORD,199088363,11,82,3,-0.009214519,0.18356314,0.9777577
TYPE_RECORD,199088363,10,3,3,1.0289053,1.5163074,3.4110875
TYPE_RECORD,199088363,9,3,3,-0.5404882,3.5019393,9.144106
TYPE_RECORD,199088368,4,3,3,-0.91782504,0.038179077,-0.0106901415
TYPE_RECORD,199088368,11,-26,3,-0.008765839,0.1814676,0.978088
TYPE_RECORD,199088368,10,3,3,1.0184355,1.5545366,3.395925
TYPE_RECORD,199088368,9,3,3,-0.5300183,3.46371,9.159268
TYPE_RECORD,199088373,4,3,3,-0.9007208,0.03390302,-0.025961773
TYPE_RECORD,199088373,11,111,3,-0.008356246,0.17943339,0.9783987
TYPE_RECORD,199088373,10,3,3,1.0088719,1.5917569,3.3813891
TYPE_RECORD,199088373,9,3,3,-0.5204547,3.4264898,9.173804
TYPE_RECORD,199088378,4,3,3,-0.8689558,-0.0027488936,-0.05009095
TYPE_RECORD,199088378,11,56,3,-0.007877174,0.17754287,0.9786726
TYPE_RECORD,199088378,10,3,3,0.9984095,1.6262299,3.3680012
TYPE_RECORD,199088378,9,3,3,-0.50999236,3.392017,9.187193
TYPE_RECORD,199088383,4,3,3,-0.82894415,-0.053145275,-0.08277224
TYPE_RECORD,199088383,11,-111,3,-0.007368255,0.17575553,0.97891706
TYPE_RECORD,199088383,10,3,3,0.9877425,1.6587794,3.3554642
TYPE_RECORD,199088383,9,3,3,-0.4993253,3.3594675,9.199729
TYPE_RECORD,199088385,6,0,3,1017.179,-32.659664,28.522915
TYPE_RECORD,199088388,4,3,3,-0.77457714,-0.105374254,-0.09743301
TYPE_RECORD,199088388,11,86,3,-0.006767587,0.17411457,0.9791288
TYPE_RECORD,199088388,10,3,3,0.97565037,1.6884464,3.3440375
TYPE_RECORD,199088388,9,3,3,-0.48723322,3.3298004,9.211156
TYPE_RECORD,199088393,4,3,3,-0.70952,-0.15088372,-0.12064589
TYPE_RECORD,199088394,11,91,3,-0.0060786656,0.17262618,0.97929776
TYPE_RECORD,199088394,10,3,3,0.9625122,1.7151536,3.3337417
TYPE_RECORD,199088394,9,3,3,-0.47409505,3.3030932,9.221452
TYPE_RECORD,199088398,4,3,3,-0.6435465,-0.19272798,-0.15790866
TYPE_RECORD,199088398,11,101,3,-0.005285083,0.17129675,0.9794263
TYPE_RECORD,199088398,10,3,3,0.9479275,1.7387185,3.324597
TYPE_RECORD,199088398,9,3,3,-0.4595104,3.2795281,9.230597
TYPE_RECORD,199088403,4,3,3,-0.56016344,-0.23640485,-0.18387043
TYPE_RECORD,199088403,11,113,3,-0.0043771034,0.17018883,0.97950846
TYPE_RECORD,199088403,10,3,3,0.9317045,1.7579206,3.3170035
TYPE_RECORD,199088403,9,3,3,-0.44328737,3.2603261,9.238191
TYPE_RECORD,199088408,4,3,3,-0.47555858,-0.29443705,-0.20158553
TYPE_RECORD,199088408,11,-42,3,-0.0033455396,0.16925776,0.97954714
TYPE_RECORD,199088408,10,3,3,0.9137322,1.7735773,3.310649
TYPE_RECORD,199088408,9,3,3,-0.42531502,3.2446694,9.244545
TYPE_RECORD,199088413,4,3,3,-0.36987892,-0.31673363,-0.20219639
TYPE_RECORD,199088413,11,-44,3,-0.002291383,0.16860262,0.97953284
TYPE_RECORD,199088413,10,3,3,0.89594144,1.7840149,3.306191
TYPE_RECORD,199088413,9,3,3,-0.40752432,3.234232,9.249002
TYPE_RECORD,199088418,4,3,3,-0.30879238,-0.35124752,-0.20586158
TYPE_RECORD,199088418,11,60,3,-0.0010871643,0.16804317,0.9794908
TYPE_RECORD,199088418,10,3,3,0.8756941,1.792332,3.3024178
TYPE_RECORD,199088418,9,3,3,-0.38727695,3.2259147,9.252776
TYPE_RECORD,199088423,4,3,3,-0.1908954,-0.37598756,-0.22693644
TYPE_RECORD,199088423,11,1,3,1.5977642E-4,0.16788839,0.9793711
TYPE_RECORD,199088423,10,3,3,0.85563993,1.7929767,3.3013744
TYPE_RECORD,199088423,9,3,3,-0.3672228,3.22527,9.253819
TYPE_RECORD,199088425,6,0,3,1017.3029,-33.688156,28.554165
TYPE_RECORD,199088428,4,3,3,-0.06994407,-0.4156938,-0.24831672
TYPE_RECORD,199088428,11,-15,3,0.0015178734,0.16788341,0.9792192
TYPE_RECORD,199088428,10,3,3,0.8338667,1.7905382,3.3013866
TYPE_RECORD,199088428,9,3,3,-0.3454496,3.2277086,9.253807
TYPE_RECORD,199088433,4,3,3,0.05222898,-0.45142943,-0.27030787
TYPE_RECORD,199088433,11,101,3,0.0029242255,0.16816336,0.979008
TYPE_RECORD,199088433,10,3,3,0.8120069,1.7826415,3.3033543
TYPE_RECORD,199088433,9,3,3,-0.32358974,3.2356052,9.25184
TYPE_RECORD,199088438,4,3,3,0.1685988,-0.46944994,-0.28191432
TYPE_RECORD,199088438,11,-43,3,0.004384081,0.16871086,0.97874284
TYPE_RECORD,199088438,10,3,3,0.7898636,1.7695892,3.3071804
TYPE_RECORD,199088438,9,3,3,-0.30144638,3.2486575,9.2480135
TYPE_RECORD,199088443,4,3,3,0.2660318,-0.48747048,-0.29657507
TYPE_RECORD,199088443,11,83,3,0.005920864,0.16948561,0.9784248
TYPE_RECORD,199088443,10,3,3,0.76705575,1.7520909,3.3126295
TYPE_RECORD,199088443,9,3,3,-0.2786386,3.2661557,9.242564
TYPE_RECORD,199088448,4,3,3,0.34574974,-0.48197266,-0.312763
TYPE_RECORD,199088448,11,-118,3,0.0074372147,0.17048147,0.97806007
TYPE_RECORD,199088448,10,3,3,0.7453098,1.7304724,3.319667
TYPE_RECORD,199088448,9,3,3,-0.2568927,3.2877743,9.235527
TYPE_RECORD,199088453,4,3,3,0.39920044,-0.45570546,-0.34483343
TYPE_RECORD,199088453,11,-97,3,0.008924472,0.1716254,0.97765535
TYPE_RECORD,199088453,10,3,3,0.7247905,1.7061315,3.3278193
TYPE_RECORD,199088453,9,3,3,-0.23637338,3.3121152,9.227374
TYPE_RECORD,199088458,4,3,3,0.4382958,-0.40194935,-0.36285394
TYPE_RECORD,199088458,11,98,3,0.010320582,0.17290756,0.9772226
TYPE_RECORD,199088458,10,3,3,0.7064028,1.6793852,3.3370116
TYPE_RECORD,199088458,9,3,3,-0.2179856,3.3388615,9.218183
TYPE_RECORD,199088463,4,3,3,0.44501534,-0.37965274,-0.37873647
TYPE_RECORD,199088463,11,81,3,0.011696755,0.1742058,0.97677195
TYPE_RECORD,199088463,10,3,3,0.68878394,1.6523616,3.346444
TYPE_RECORD,199088463,9,3,3,-0.20036682,3.3658853,9.20875
TYPE_RECORD,199088465,6,0,3,1017.1731,-32.610542,28.533333
TYPE_RECORD,199088468,4,3,3,0.453262,-0.33933565,-0.41996986
TYPE_RECORD,199088468,11,-36,3,0.012869055,0.17559001,0.976293
TYPE_RECORD,199088468,10,3,3,0.67563486,1.6242101,3.3565047
TYPE_RECORD,199088468,9,3,3,-0.18721767,3.3940365,9.1986885
TYPE_RECORD,199088473,4,3,3,0.4783075,-0.26206118,-0.45081854
TYPE_RECORD,199088473,11,-39,3,0.013882075,0.17701446,0.9758048
TYPE_RECORD,199088473,10,3,3,0.6656887,1.5956726,3.3668883
TYPE_RECORD,199088473,9,3,3,-0.17727152,3.4225743,9.188306
TYPE_RECORD,199088478,4,3,3,0.48716503,-0.19211712,-0.48472157
TYPE_RECORD,199088478,11,-13,3,0.014777179,0.17839557,0.9753085
TYPE_RECORD,199088478,10,3,3,0.65831196,1.5682267,3.3770187
TYPE_RECORD,199088478,9,3,3,-0.16989475,3.45002,9.178175
TYPE_RECORD,199088483,4,3,3,0.48808134,-0.12217305,-0.5112942
TYPE_RECORD,199088483,11,59,3,0.015468563,0.17980674,0.9748015
TYPE_RECORD,199088483,10,3,3,0.6550796,1.5407281,3.3873436
TYPE_RECORD,199088483,9,3,3,-0.16666244,3.4775186,9.1678505
TYPE_RECORD,199088488,4,3,3,0.4859433,-0.06078109,-0.5323691
TYPE_RECORD,199088488,11,94,3,0.015994277,0.1812156,0.9742871
TYPE_RECORD,199088488,10,3,3,0.65524143,1.5137007,3.3976424
TYPE_RECORD,199088488,9,3,3,-0.16682427,3.5045462,9.157552
TYPE_RECORD,199088493,4,3,3,0.49663344,-0.01863139,-0.53786683
TYPE_RECORD,199088493,11,16,3,0.016395602,0.18263769,0.9737669
TYPE_RECORD,199088493,10,3,3,0.65790665,1.4867634,3.408048
TYPE_RECORD,199088493,9,3,3,-0.1694895,3.5314834,9.147146
TYPE_RECORD,199088498,4,3,3,0.4886922,9.162979E-4,-0.54305923
TYPE_RECORD,199088498,11,16,3,0.016689634,0.1839861,0.9732535
TYPE_RECORD,199088498,10,3,3,0.6626161,1.461488,3.4179335
TYPE_RECORD,199088498,9,3,3,-0.17419888,3.5567589,9.13726
TYPE_RECORD,199088503,4,3,3,0.4718934,0.028710667,-0.52931476
TYPE_RECORD,199088503,11,-70,3,0.01687342,0.18531851,0.9727487
TYPE_RECORD,199088503,10,3,3,0.6692447,1.4368136,3.427706
TYPE_RECORD,199088503,9,3,3,-0.18082751,3.5814333,9.127488
TYPE_RECORD,199088505,6,0,3,1017.1789,-32.65866,28.543749
TYPE_RECORD,199088508,4,3,3,0.44073927,0.032986723,-0.5143485
TYPE_RECORD,199088508,11,-31,3,0.017064288,0.1865599,0.9722557
TYPE_RECORD,199088508,10,3,3,0.6755867,1.4138255,3.4368865
TYPE_RECORD,199088508,9,3,3,-0.18716954,3.6044214,9.118307
TYPE_RECORD,199088513,4,3,3,0.38423425,0.02565634,-0.50885075
TYPE_RECORD,199088513,9,3,3,-0.19397476,3.6248622,9.110057
TYPE_RECORD,199088513,11,17,3,0.017210871,0.18767035,0.9717875
TYPE_RECORD,199088513,10,3,3,0.6823919,1.3933845,3.4451363
TYPE_RECORD,199088518,4,3,3,0.3585779,-0.0012217305,-0.52839845
TYPE_RECORD,199088518,9,3,3,-0.2000733,3.6447065,9.102005
TYPE_RECORD,199088518,11,-41,3,0.017397381,0.188744,0.97131807
TYPE_RECORD,199088518,10,3,3,0.68849045,1.3735403,3.453189
TYPE_RECORD,199088522,1,3,3,1.7908629,1.9632454,8.916007
TYPE_RECORD,199088522,2,3,3,4.98,-15.12,-16.199999
TYPE_RECORD,199088523,4,3,3,0.3222314,0.005497787,-0.5112942
TYPE_RECORD,199088524,9,3,3,-0.20640612,3.6610472,9.095302
TYPE_RECORD,199088524,10,3,3,1.9972689,-1.6978017,-0.1792945
TYPE_RECORD,199088524,11,-97,3,0.01752363,0.1896354,0.97089887
TYPE_RECORD,199088528,4,3,3,0.2761111,0.013439035,-0.49449542
TYPE_RECORD,199088529,9,3,3,-0.21175179,3.675326,9.08942
TYPE_RECORD,199088529,11,-29,3,0.017696872,0.19040866,0.9704906
TYPE_RECORD,199088529,10,3,3,2.0026147,-1.7120807,-0.17341304
TYPE_RECORD,199088533,1,3,3,1.5227122,1.9919758,9.021352
TYPE_RECORD,199088533,2,3,3,4.08,-9.9,-13.139999
TYPE_RECORD,199088533,4,3,3,0.23090707,0.011911872,-0.4801401
TYPE_RECORD,199088534,9,3,3,-0.19959852,3.6707163,9.091557
TYPE_RECORD,199088534,10,3,3,1.7223108,-1.6787405,-0.070204586
TYPE_RECORD,199088534,11,40,3,0.018595044,0.19003652,0.97030383
TYPE_RECORD,199088539,4,3,3,0.19181168,0.0125227375,-0.4654793
TYPE_RECORD,199088539,11,86,3,0.019465,0.18955642,0.97014344
TYPE_RECORD,199088539,10,3,3,1.71015,-1.6721299,-0.073128365
TYPE_RECORD,199088539,9,3,3,-0.18743768,3.6641057,9.0944805
TYPE_RECORD,199088543,1,3,3,1.2545617,1.9153614,9.040505
TYPE_RECORD,199088543,2,3,3,3.1799998,-4.62,-9.9
TYPE_RECORD,199088544,4,3,3,0.16157386,0.0067195175,-0.44104472
TYPE_RECORD,199088544,11,-94,3,0.020198986,0.18891038,0.97003144
TYPE_RECORD,199088544,10,3,3,1.4314952,-1.7387654,-0.058200847
TYPE_RECORD,199088544,9,3,3,-0.17693342,3.6541266,9.098706
TYPE_RECORD,199088545,6,0,3,1017.28253,-33.518753,28.568748
TYPE_RECORD,199088548,4,3,3,0.13744467,0.010079277,-0.4196644
TYPE_RECORD,199088549,9,3,3,-0.16650483,3.6424856,9.103568
TYPE_RECORD,199088549,11,111,3,0.02090583,0.18817578,0.9699397
TYPE_RECORD,199088549,10,3,3,1.4210665,-1.7271242,-0.0630629
TYPE_RECORD,199088553,1,3,3,1.043872,1.8579005,8.963891
TYPE_RECORD,199088553,2,3,3,2.28,0.65999997,-6.6
TYPE_RECORD,199088553,4,3,3,0.12889257,0.01282817,-0.39187005
TYPE_RECORD,199088553,9,3,3,-0.15808724,3.6282377,9.1094055
TYPE_RECORD,199088553,10,3,3,1.2019593,-1.7703371,-0.14551438
TYPE_RECORD,199088554,11,99,3,0.02146355,0.18732017,0.96988904
TYPE_RECORD,199088558,4,3,3,0.11575896,0.022907447,-0.37110063
TYPE_RECORD,199088558,9,3,3,-0.1497479,3.61254,9.115785
TYPE_RECORD,199088558,11,-37,3,0.021994606,0.18638831,0.9698574
TYPE_RECORD,199088558,10,3,3,1.1936198,-1.7546395,-0.15189327
TYPE_RECORD,199088563,1,3,3,0.8619126,1.8483237,8.810662
TYPE_RECORD,199088563,2,3,3,1.26,5.7599998,-3.6
TYPE_RECORD,199088564,4,3,3,0.103847094,0.027488936,-0.34330627
TYPE_RECORD,199088564,9,3,3,-0.14287758,3.5959728,9.122441
TYPE_RECORD,199088564,11,65,3,0.022415522,0.18542503,0.9698523
TYPE_RECORD,199088564,10,3,3,1.0047902,-1.7476492,-0.3117793
TYPE_RECORD,199088570,4,3,3,0.09407325,0.02076942,-0.33567044
TYPE_RECORD,199088570,9,3,3,-0.13580048,3.5787623,9.129316
TYPE_RECORD,199088570,11,-102,3,0.022839077,0.18442562,0.96985185
TYPE_RECORD,199088570,10,3,3,0.99771315,-1.7304385,-0.31865445
TYPE_RECORD,199088573,4,3,3,0.08674286,0.009162978,-0.31031954
TYPE_RECORD,199088573,9,3,3,-0.12961693,3.563418,9.135406
TYPE_RECORD,199088573,11,49,3,0.023190334,0.18353787,0.9698647
TYPE_RECORD,199088573,10,3,3,0.9915295,-1.7150942,-0.32474342
TYPE_RECORD,199088574,1,3,3,0.7565677,1.8291701,8.6574335
TYPE_RECORD,199088574,2,3,3,0.35999998,11.099999,-0.42
TYPE_RECORD,199088579,4,3,3,0.08674286,3.0543262E-4,-0.2968805
TYPE_RECORD,199088579,9,3,3,-0.12320768,3.5478482,9.141553
TYPE_RECORD,199088579,11,-39,3,0.023551686,0.18263589,0.96987647
TYPE_RECORD,199088579,10,3,3,0.87977546,-1.7186782,-0.48411915
TYPE_RECORD,199088583,4,3,3,0.07880162,-0.023823744,-0.27397305
TYPE_RECORD,199088583,9,3,3,-0.11485022,3.5315065,9.147986
TYPE_RECORD,199088584,1,3,3,0.7278373,1.8866309,8.494628
TYPE_RECORD,199088584,2,3,3,-0.71999997,16.38,2.8799999
TYPE_RECORD,199088584,11,-114,3,0.023990527,0.18167815,0.96990675
TYPE_RECORD,199088584,10,3,3,0.87141794,-1.7023364,-0.490553
TYPE_RECORD,199088591,4,3,3,0.074830994,-0.05955936,-0.25259277
TYPE_RECORD,199088591,9,3,3,-0.10665574,3.515433,9.154275
TYPE_RECORD,199088591,6,0,3,1017.146,-32.385986,28.535416
TYPE_RECORD,199088591,11,-97,3,0.024417078,0.18073656,0.9699367
TYPE_RECORD,199088591,10,3,3,0.83449304,-1.6288022,-0.6596464
TYPE_RECORD,199088593,4,3,3,0.08032878,-0.08246681,-0.2406809
TYPE_RECORD,199088594,9,3,3,-0.097639084,3.4993584,9.160532
TYPE_RECORD,199088594,10,3,3,0.82547647,-1.6127275,-0.6659037
TYPE_RECORD,199088594,11,43,3,0.024878757,0.17978851,0.96997
TYPE_RECORD,199088595,1,3,3,0.6512229,1.9153614,8.1881695
TYPE_RECORD,199088595,2,3,3,-1.56,21.6,6.18
TYPE_RECORD,199088599,4,3,3,0.08582657,-0.09896017,-0.22540927
TYPE_RECORD,199088599,9,3,3,-0.08710714,3.4839666,9.166503
TYPE_RECORD,199088599,11,62,3,0.0254145,0.17886454,0.9700024
TYPE_RECORD,199088599,10,3,3,0.73833,-1.5686052,-0.9783336
TYPE_RECORD,199088604,4,3,3,0.09743301,-0.121256754,-0.21197024
TYPE_RECORD,199088604,9,3,3,-0.07506708,3.4690464,9.172266
TYPE_RECORD,199088604,11,-110,3,0.026027564,0.17795262,0.9700312
TYPE_RECORD,199088604,10,3,3,0.7262899,-1.553685,-0.984097
TYPE_RECORD,199088605,1,3,3,0.58418524,2.0015526,7.7572136
TYPE_RECORD,199088605,2,3,3,-2.52,27.0,9.42
TYPE_RECORD,199088609,4,3,3,0.105374254,-0.12522738,-0.20738874
TYPE_RECORD,199088609,9,3,3,-0.06407986,3.4553905,9.177505
TYPE_RECORD,199088609,11,12,3,0.026595078,0.17711659,0.97004753
TYPE_RECORD,199088609,10,3,3,0.6482651,-1.4538378,-1.4202906
TYPE_RECORD,199088613,4,3,3,0.11178834,-0.12339478,-0.20372356
TYPE_RECORD,199088614,9,3,3,-0.052133583,3.4421313,9.182558
TYPE_RECORD,199088614,11,-57,3,0.027209302,0.17629355,0.9700628
TYPE_RECORD,199088614,10,3,3,0.63631886,-1.4405788,-1.425345
TYPE_RECORD,199088614,1,3,3,0.48841715,2.135628,7.3645644
TYPE_RECORD,199088614,2,3,3,-3.4199998,32.219997,12.48
TYPE_RECORD,199088618,4,3,3,0.11911872,-0.10995574,-0.19456059
TYPE_RECORD,199088618,9,3,3,-0.04128208,3.4317088,9.186514
TYPE_RECORD,199088618,10,3,3,0.5296992,-1.2960808,-1.8219495
TYPE_RECORD,199088619,11,98,3,0.027788496,0.17563,0.9700527
TYPE_RECORD,199088624,4,3,3,0.12858713,-0.099265605,-0.19272798
TYPE_RECORD,199088624,11,-22,3,0.028369047,0.17498273,0.9700371
TYPE_RECORD,199088624,10,3,3,0.5188859,-1.2859733,-1.8257612
TYPE_RECORD,199088624,9,3,3,-0.030468788,3.4216013,9.190326
TYPE_RECORD,199088624,1,3,3,0.45010993,2.2122424,6.933608
TYPE_RECORD,199088625,2,3,3,-4.56,37.5,15.54
TYPE_RECORD,199088625,6,0,3,1017.1614,-32.5133,28.535416
TYPE_RECORD,199088629,4,3,3,0.13561209,-0.08674286,-0.19150625
TYPE_RECORD,199088629,11,-75,3,0.028876362,0.17451695,0.96999365
TYPE_RECORD,199088629,10,3,3,0.47167665,-1.2023729,-2.2593427
TYPE_RECORD,199088629,9,3,3,-0.02156674,3.4146154,9.19295
TYPE_RECORD,199088634,4,3,3,0.124005646,-0.07422013,-0.18325958
TYPE_RECORD,199088634,11,-79,3,0.02935582,0.17402816,0.96995866
TYPE_RECORD,199088634,10,3,3,0.46312433,-1.1948849,-2.2621365
TYPE_RECORD,199088634,9,3,3,-0.013014416,3.4071274,9.1957445
TYPE_RECORD,199088635,1,3,3,0.4309563,2.2505496,6.579266
TYPE_RECORD,199088635,2,3,3,-5.58,42.78,18.72
TYPE_RECORD,199088638,4,3,3,0.12614368,-0.054061573,-0.17195857
TYPE_RECORD,199088639,11,48,3,0.029798884,0.1737266,0.96989334
TYPE_RECORD,199088639,10,3,3,0.43667588,-1.1524314,-2.618021
TYPE_RECORD,199088639,9,3,3,-0.0057195835,3.402981,9.197288
TYPE_RECORD,199088643,4,3,3,0.103847094,-0.039095376,-0.17195857
TYPE_RECORD,199088644,11,-118,3,0.030206705,0.17333658,0.969843
TYPE_RECORD,199088644,10,3,3,0.4297679,-1.146552,-2.6201954
TYPE_RECORD,199088644,9,3,3,0.0011884061,3.3971016,9.199462
TYPE_RECORD,199088646,1,3,3,0.50757074,2.3942018,6.0238113
TYPE_RECORD,199088646,2,3,3,-6.42,47.94,21.9
TYPE_RECORD,199088648,4,3,3,0.080634214,-0.02321288,-0.17501289
TYPE_RECORD,199088648,9,3,3,0.0071185636,3.392869,9.201021
TYPE_RECORD,199088649,11,37,3,0.03057586,0.1730423,0.9697799
TYPE_RECORD,199088649,10,3,3,0.5004522,-0.99866736,-3.1772096
TYPE_RECORD,199088653,4,3,3,0.06536258,-0.007941248,-0.17195857
TYPE_RECORD,199088653,9,3,3,0.0125095,3.3879142,9.202842
TYPE_RECORD,199088654,11,-68,3,0.030906858,0.17271507,0.9697267
TYPE_RECORD,199088654,10,3,3,0.49506125,-0.99371237,-3.1790304
TYPE_RECORD,199088658,4,3,3,0.05497787,-0.002443461,-0.17104226
TYPE_RECORD,199088658,9,3,3,0.018937632,3.3862767,9.203433
TYPE_RECORD,199088658,11,-126,3,0.031326298,0.17255211,0.9696366
TYPE_RECORD,199088658,10,3,3,0.48863313,-0.99207515,-3.179622
TYPE_RECORD,199088663,4,3,3,0.04734206,0.011301007,-0.17287487
TYPE_RECORD,199088664,2,3,3,-7.3799996,53.16,25.019999
TYPE_RECORD,199088664,1,3,3,0.58418524,2.3750482,5.8226986
TYPE_RECORD,199088664,11,4,3,0.031685024,0.17236596,0.9695536
TYPE_RECORD,199088664,10,3,3,0.48324573,-0.9898221,-3.1804368
TYPE_RECORD,199088664,9,3,3,0.024325024,3.3840237,9.204248
TYPE_RECORD,199088665,6,0,3,1017.2208,-33.006516,28.5625
TYPE_RECORD,199088668,4,3,3,0.022296581,0.03145956,-0.16554448
TYPE_RECORD,199088669,11,-70,3,0.032008868,0.17211425,0.96948737
TYPE_RECORD,199088669,10,3,3,0.55481416,-1.0054079,-3.3828452
TYPE_RECORD,199088669,9,3,3,0.029371092,3.3804562,9.2055435
TYPE_RECORD,199088673,4,3,3,-0.0021380284,0.04520403,-0.17592919
TYPE_RECORD,199088674,11,-102,3,0.03230527,0.171848,0.96941596
TYPE_RECORD,199088674,10,3,3,0.55039567,-1.0014911,-3.3842678
TYPE_RECORD,199088674,9,3,3,0.033789568,3.3765392,9.206966
TYPE_RECORD,199088675,1,3,3,0.6512229,2.4420857,5.6790466
TYPE_RECORD,199088675,2,3,3,-7.5,53.219997,24.96
TYPE_RECORD,199088678,4,3,3,-0.031154128,0.04550946,-0.18295415
TYPE_RECORD,199088679,11,-37,3,0.03265591,0.17150545,0.9693582
TYPE_RECORD,199088679,10,3,3,0.6116643,-0.92931473,-3.5297816
TYPE_RECORD,199088679,9,3,3,0.03955858,3.3714004,9.208828
TYPE_RECORD,199088683,4,3,3,-0.043982297,0.04428773,-0.17348573
TYPE_RECORD,199088684,9,3,3,0.044926975,3.3658714,9.210826
TYPE_RECORD,199088684,11,-83,3,0.03297893,0.17114633,0.96930665
TYPE_RECORD,199088684,10,3,3,0.6062959,-0.9237857,-3.5317795
TYPE_RECORD,199088684,1,3,3,0.6512229,2.4420857,5.6790466
TYPE_RECORD,199088684,2,3,3,-7.5,53.34,24.9
TYPE_RECORD,199088688,4,3,3,-0.052534413,0.047036625,-0.1563815
TYPE_RECORD,199088689,9,3,3,0.051416483,3.3609233,9.212598
TYPE_RECORD,199088689,11,-92,3,0.033364438,0.17080721,0.9692487
TYPE_RECORD,199088689,10,3,3,0.59980637,-0.9188374,-3.5335517
TYPE_RECORD,199088693,4,3,3,-0.05681047,0.043676864,-0.15577064
TYPE_RECORD,199088693,9,3,3,0.058182873,3.3555927,9.2145
TYPE_RECORD,199088693,10,3,3,0.59304,-0.9135069,-3.5354538
TYPE_RECORD,199088694,11,-57,3,0.033764046,0.17044432,0.9691896
TYPE_RECORD,199088697,1,3,3,0.5554548,2.6048915,5.6790466
TYPE_RECORD,199088697,2,3,3,-7.44,53.34,25.019999
TYPE_RECORD,199088698,4,3,3,-0.06688975,0.03268129,-0.15607607
TYPE_RECORD,199088698,9,3,3,0.06550262,3.349556,9.216648
TYPE_RECORD,199088698,11,-128,3,0.03417883,0.17004006,0.9691423
TYPE_RECORD,199088698,10,3,3,0.48995218,-0.74466455,-3.5376015
TYPE_RECORD,199088703,4,3,3,-0.0720821,0.027794369,-0.15882497
TYPE_RECORD,199088703,9,3,3,0.07271372,3.343564,9.218768
TYPE_RECORD,199088704,11,-60,3,0.034589075,0.16963859,0.9690929
TYPE_RECORD,199088704,10,3,3,0.4827411,-0.7386726,-3.539722
TYPE_RECORD,199088705,1,3,3,0.46926352,2.6048915,5.765238
TYPE_RECORD,199088705,2,3,3,-7.2599998,53.399998,25.08
TYPE_RECORD,199088705,6,0,3,1017.26154,-33.344334,28.577084
TYPE_RECORD,199088708,4,3,3,-0.08032878,0.013439035,-0.15424347
TYPE_RECORD,199088709,9,3,3,0.07929631,3.3394501,9.220204
TYPE_RECORD,199088709,11,-19,3,0.034984,0.16934144,0.9690266
TYPE_RECORD,199088709,10,3,3,0.38996723,-0.73455876,-3.4549663
TYPE_RECORD,199088713,4,3,3,-0.0888809,0.0033597588,-0.16279559
TYPE_RECORD,199088714,9,3,3,0.08567436,3.335114,9.221716
TYPE_RECORD,199088714,11,8,3,0.035373237,0.16903263,0.9689544
TYPE_RECORD,199088714,10,3,3,0.38358918,-0.73022246,-3.4564786
TYPE_RECORD,199088715,1,3,3,0.45010993,2.633622,5.841852
TYPE_RECORD,199088716,2,3,3,-7.14,53.399998,24.96
TYPE_RECORD,199088718,4,3,3,-0.10415252,-0.0076358155,-0.16768251
TYPE_RECORD,199088718,9,3,3,0.091235176,3.329617,9.223651
TYPE_RECORD,199088718,11,-43,3,0.03570737,0.16867048,0.9688945
TYPE_RECORD,199088718,10,3,3,0.35887474,-0.6959952,-3.3817987
TYPE_RECORD,199088723,4,3,3,-0.12156218,-0.0021380284,-0.16432275
TYPE_RECORD,199088723,9,3,3,0.09651366,3.323659,9.225746
TYPE_RECORD,199088723,10,3,3,0.35359627,-0.6900372,-3.3838937
TYPE_RECORD,199088724,11,6,3,0.036022343,0.16828646,0.96883816
TYPE_RECORD,199088726,1,3,3,0.46926352,2.6910827,5.861006
TYPE_RECORD,199088726,2,3,3,-7.02,53.46,24.9
TYPE_RECORD,199088728,4,3,3,-0.14110987,0.0143553335,-0.16890424
TYPE_RECORD,199088728,9,3,3,0.10117607,3.3169186,9.22812
TYPE_RECORD,199088728,11,14,3,0.03630414,0.16786551,0.9687818
TYPE_RECORD,199088728,10,3,3,0.36808747,-0.6258359,-3.3671145
TYPE_RECORD,199088733,4,3,3,-0.15760323,0.038789943,-0.17470746
TYPE_RECORD,199088733,9,3,3,0.10526797,3.3095617,9.230714
TYPE_RECORD,199088734,11,75,3,0.036548965,0.16741768,0.9687321
TYPE_RECORD,199088734,10,3,3,0.36399555,-0.61847913,-3.3697085
TYPE_RECORD,199088736,1,3,3,0.48841715,2.815581,6.0046577
TYPE_RECORD,199088736,2,3,3,-6.8399997,53.579998,24.9
TYPE_RECORD,199088738,4,3,3,-0.16829337,0.056505036,-0.17898351
TYPE_RECORD,199088739,9,3,3,0.10920009,3.3023865,9.233238
TYPE_RECORD,199088739,11,-82,3,0.03678899,0.16698022,0.96867794
TYPE_RECORD,199088739,10,3,3,0.37921706,-0.48680532,-3.2285805
TYPE_RECORD,199088743,4,3,3,-0.1777618,0.086132,-0.17867808
TYPE_RECORD,199088744,9,3,3,0.11146617,3.2945654,9.236006
TYPE_RECORD,199088744,11,13,3,0.036935803,0.16652483,0.96863115
TYPE_RECORD,199088744,10,3,3,0.37695098,-0.47898412,-3.2313476
TYPE_RECORD,199088745,6,0,3,1017.1403,-32.338867,28.543749
TYPE_RECORD,199088746,1,3,3,0.51714754,2.920926,6.244078
TYPE_RECORD,199088746,2,3,3,-6.72,53.46,24.96
TYPE_RECORD,199088748,4,3,3,-0.17928895,0.10567969,-0.17684549
TYPE_RECORD,199088748,9,3,3,0.11363935,3.2878067,9.238388
TYPE_RECORD,199088749,10,3,3,0.4035082,-0.3668807,-2.99431
TYPE_RECORD,199088749,11,-25,3,0.03709039,0.16612539,0.96857136
TYPE_RECORD,199088753,4,3,3,-0.16584991,0.11911872,-0.18448131
TYPE_RECORD,199088753,9,3,3,0.114623025,3.281372,9.240664
TYPE_RECORD,199088754,11,-57,3,0.03718989,0.16575356,0.9685054
TYPE_RECORD,199088754,10,3,3,0.4025245,-0.360446,-2.9965854
TYPE_RECORD,199088756,1,3,3,0.58418524,3.064578,6.5218053
TYPE_RECORD,199088756,2,3,3,-6.42,53.46,24.779999
TYPE_RECORD,199088758,4,3,3,-0.16279559,0.12889257,-0.183565
TYPE_RECORD,199088758,9,3,3,0.115543574,3.27483,9.242973
TYPE_RECORD,199088758,11,110,3,0.037280552,0.16537763,0.96844435
TYPE_RECORD,199088758,10,3,3,0.46864167,-0.21025194,-2.721168
TYPE_RECORD,199088763,4,3,3,-0.1518,0.15118915,-0.18295415
TYPE_RECORD,199088763,9,3,3,0.11518501,3.2693386,9.24492
TYPE_RECORD,199088763,11,-72,3,0.0373182,0.16506854,0.96837133
TYPE_RECORD,199088763,10,3,3,0.46900025,-0.20476036,-2.723114
TYPE_RECORD,199088766,1,3,3,0.62249243,3.1986535,6.7612257
TYPE_RECORD,199088766,2,3,3,-6.48,53.52,24.84
TYPE_RECORD,199088768,4,3,3,-0.1441642,0.1704314,-0.18234327
TYPE_RECORD,199088768,11,-20,3,0.037410237,0.16478845,0.9682887
TYPE_RECORD,199088768,10,3,3,0.50677294,-0.06591975,-2.4853718
TYPE_RECORD,199088768,9,3,3,0.11571952,3.2645733,9.246597
TYPE_RECORD,199088773,4,3,3,-0.14844026,0.19272798,-0.19211712
TYPE_RECORD,199088774,9,3,3,0.11497001,3.2598174,9.248284
TYPE_RECORD,199088774,11,-115,3,0.037439615,0.16452056,0.96820265
TYPE_RECORD,199088774,10,3,3,0.5075224,-0.061163787,-2.4870589
TYPE_RECORD,199088776,1,3,3,0.6799533,3.265691,7.153875
TYPE_RECORD,199088776,2,3,3,-6.3599997,53.579998,24.9
TYPE_RECORD,199088778,4,3,3,-0.14874569,0.20677789,-0.19547687
TYPE_RECORD,199088778,9,3,3,0.114605784,3.2564445,9.249477
TYPE_RECORD,199088778,10,3,3,0.5653475,0.009246552,-2.0956028
TYPE_RECORD,199088779,11,-99,3,0.037499618,0.16432197,0.96810645
TYPE_RECORD,199088783,4,3,3,-0.15271631,0.2125811,-0.19028452
TYPE_RECORD,199088784,9,3,3,0.11362649,3.252741,9.2507925
TYPE_RECORD,199088784,11,27,3,0.037524957,0.16411202,0.9680127
TYPE_RECORD,199088784,10,3,3,0.5663268,0.012950082,-2.0969179
TYPE_RECORD,199088785,6,0,3,1017.3046,-33.70219,28.591667
TYPE_RECORD,199088787,1,3,3,0.63206923,3.3423057,7.5082164
TYPE_RECORD,199088787,2,3,3,-6.2999997,53.64,24.96
TYPE_RECORD,199088788,4,3,3,-0.17287487,0.21746802,-0.19792034
TYPE_RECORD,199088788,9,3,3,0.11280681,3.247155,9.252764
TYPE_RECORD,199088788,10,3,3,0.51926243,0.09515052,-1.7445477
TYPE_RECORD,199088789,11,37,3,0.03754662,0.1638004,0.96792644
TYPE_RECORD,199088794,4,3,3,-0.19883664,0.22113322,-0.18142697
TYPE_RECORD,199088794,9,3,3,0.11229338,3.2411485,9.254877
TYPE_RECORD,199088794,11,102,3,0.037567556,0.16346656,0.9678566
TYPE_RECORD,199088794,10,3,3,0.51977587,0.10115707,-1.7466607
TYPE_RECORD,199088797,1,3,3,0.63206923,3.41892,7.843405
TYPE_RECORD,199088797,2,3,3,-6.12,53.64,25.019999
TYPE_RECORD,199088798,4,3,3,-0.22357668,0.22602014,-0.18020524
TYPE_RECORD,199088798,11,87,3,0.03749392,0.16306365,0.96779054
TYPE_RECORD,199088798,10,3,3,0.5219976,0.18538317,-1.4141613
TYPE_RECORD,199088798,9,3,3,0.11007168,3.233537,9.257566
TYPE_RECORD,199088803,4,3,3,-0.23518312,0.22113322,-0.17379116
TYPE_RECORD,199088803,9,3,3,0.10853545,3.2254026,9.260422
TYPE_RECORD,199088803,10,3,3,0.5235338,0.19351737,-1.4170172
TYPE_RECORD,199088804,11,-90,3,0.03744161,0.16262868,0.9677371
TYPE_RECORD,199088807,1,3,3,0.641646,3.514688,8.255207
TYPE_RECORD,199088807,2,3,3,-5.94,53.82,25.019999
TYPE_RECORD,199088808,4,3,3,-0.23915374,0.21899518,-0.15332718
TYPE_RECORD,199088808,9,3,3,0.10676438,3.2159152,9.263741
TYPE_RECORD,199088808,11,38,3,0.037357572,0.16212688,0.96770114
TYPE_RECORD,199088808,10,3,3,0.53488165,0.2987728,-1.0085341
TYPE_RECORD,199088813,4,3,3,-0.23671028,0.21319197,-0.13744467
TYPE_RECORD,199088813,9,3,3,0.10546061,3.206301,9.267087
TYPE_RECORD,199088814,11,-69,3,0.037296023,0.16161397,0.96766466
TYPE_RECORD,199088814,10,3,3,0.53618544,0.30838704,-1.0118805
TYPE_RECORD,199088818,1,3,3,0.51714754,3.5625722,8.628703
TYPE_RECORD,199088818,2,3,3,-5.8799996,54.059998,24.84
TYPE_RECORD,199088818,4,3,3,-0.23060162,0.21410827,-0.12186762
TYPE_RECORD,199088818,10,3,3,0.41284972,0.3666282,-0.64197457
TYPE_RECORD,199088818,11,30,3,0.037226666,0.16106272,0.9676419
TYPE_RECORD,199088818,9,3,3,0.10429782,3.1959438,9.270678
TYPE_RECORD,199088823,4,3,3,-0.2171626,0.19883664,-0.11301007
TYPE_RECORD,199088823,9,3,3,0.10431308,3.1861687,9.274042
TYPE_RECORD,199088823,10,3,3,0.41283444,0.37640345,-0.6453391
TYPE_RECORD,199088824,11,-26,3,0.037221014,0.16053069,0.9676148
TYPE_RECORD,199088825,6,0,3,1017.1593,-32.49626,28.560417
TYPE_RECORD,199088827,1,3,3,0.40222588,3.7062242,9.040505
TYPE_RECORD,199088828,2,3,3,-5.7,54.18,24.779999
TYPE_RECORD,199088828,4,3,3,-0.18020524,0.18173242,-0.09743301
TYPE_RECORD,199088828,9,3,3,0.10212215,3.1764064,9.277414
TYPE_RECORD,199088828,11,110,3,0.03709278,0.160024,0.96759987
TYPE_RECORD,199088828,10,3,3,0.30010372,0.52981794,-0.23690906
TYPE_RECORD,199088833,4,3,3,-0.13133603,0.15271631,-0.076052725
TYPE_RECORD,199088833,9,3,3,0.1014555,3.1679668,9.280306
TYPE_RECORD,199088833,11,-19,3,0.03705172,0.1595721,0.96757644
TYPE_RECORD,199088833,10,3,3,0.30077037,0.5382573,-0.23980011
TYPE_RECORD,199088837,1,3,3,0.37349546,3.8402996,9.270349
TYPE_RECORD,199088838,2,3,3,-5.46,54.3,24.66
TYPE_RECORD,199088838,4,3,3,-0.07422013,0.12705997,-0.051618114
TYPE_RECORD,199088838,9,3,3,0.09927154,3.161709,9.282465
TYPE_RECORD,199088838,11,45,3,0.036948342,0.15925105,0.96754366
TYPE_RECORD,199088838,10,3,3,0.27422392,0.6785905,-0.012116554
TYPE_RECORD,199088843,4,3,3,-0.017104227,0.101098195,-0.042455133
TYPE_RECORD,199088843,9,3,3,0.09855894,3.157834,9.2837925
TYPE_RECORD,199088843,10,3,3,0.27493653,0.68246555,-0.013444004
TYPE_RECORD,199088844,11,63,3,0.036944132,0.15903953,0.9674896
TYPE_RECORD,199088847,1,3,3,0.23942018,3.9360676,9.500193
TYPE_RECORD,199088848,2,3,3,-5.2799997,54.42,24.539999
TYPE_RECORD,199088848,4,3,3,0.016798794,0.09590584,-0.027488936
TYPE_RECORD,199088848,11,-38,3,0.036953446,0.15895793,0.96742743
TYPE_RECORD,199088848,10,3,3,0.1415932,0.77966774,0.2159066
TYPE_RECORD,199088848,9,3,3,0.09782697,3.1563997,9.2842865
TYPE_RECORD,199088853,4,3,3,0.043066,0.076358154,-0.01740966
TYPE_RECORD,199088853,11,42,3,0.037084706,0.15897651,0.9673435
TYPE_RECORD,199088853,10,3,3,0.14041542,0.77880293,0.2162129
TYPE_RECORD,199088853,9,3,3,0.099004745,3.1572647,9.28398
TYPE_RECORD,199088858,1,3,3,0.22984336,4.050989,9.528923
TYPE_RECORD,199088858,2,3,3,-5.22,54.6,24.66
TYPE_RECORD,199088858,4,3,3,0.051923547,0.07574729,-0.009773844
TYPE_RECORD,199088858,9,3,3,0.09697233,3.1590474,9.283395
TYPE_RECORD,199088858,10,3,3,0.13287103,0.89194185,0.24552783
TYPE_RECORD,199088858,11,-113,3,0.037055094,0.15907721,0.9672619
TYPE_RECORD,199088864,4,3,3,0.07360926,0.0729984,-0.004276057
TYPE_RECORD,199088864,11,-105,3,0.037100144,0.15925887,0.96716666
TYPE_RECORD,199088864,10,3,3,0.13376707,0.8883909,0.24672787
TYPE_RECORD,199088864,9,3,3,0.096076295,3.1625984,9.282195
TYPE_RECORD,199088865,6,0,3,1017.18243,-32.687733,28.568748
TYPE_RECORD,199088868,1,3,3,0.18195933,4.10845,9.643845
TYPE_RECORD,199088868,2,3,3,-5.16,54.539997,24.66
TYPE_RECORD,199088868,4,3,3,0.070249505,0.0693332,-0.0076358155
TYPE_RECORD,199088868,9,3,3,0.09501809,3.1669664,9.280717
TYPE_RECORD,199088868,11,-27,3,0.037146766,0.15948454,0.96706295
TYPE_RECORD,199088868,10,3,3,0.08694124,0.94148326,0.3631272
TYPE_RECORD,199088873,4,3,3,0.056505036,0.09437868,0.0018325958
TYPE_RECORD,199088873,9,3,3,0.093046315,3.1717532,9.2791
TYPE_RECORD,199088873,11,-23,3,0.03714279,0.15974337,0.96696645
TYPE_RECORD,199088873,10,3,3,0.088913016,0.93669665,0.364744
TYPE_RECORD,199088878,1,3,3,0.33518824,4.1659107,9.682152
TYPE_RECORD,199088878,2,3,3,-5.1,54.66,24.779999
TYPE_RECORD,199088878,4,3,3,0.03481932,0.124005646,0.014660766
TYPE_RECORD,199088878,11,-78,3,0.037083946,0.15999573,0.96687406
TYPE_RECORD,199088878,10,3,3,0.24511443,0.98969585,0.40454644
TYPE_RECORD,199088878,9,3,3,0.0900738,3.176215,9.277605
TYPE_RECORD,199088883,4,3,3,0.014966198,0.15974127,0.01038471
TYPE_RECORD,199088883,11,-67,3,0.03694252,0.16023037,0.9667858
TYPE_RECORD,199088883,10,3,3,0.24961124,0.98586893,0.40581542
TYPE_RECORD,199088883,9,3,3,0.085577,3.1800418,9.276337
TYPE_RECORD,199088888,1,3,3,0.45968673,4.1371803,9.825804
TYPE_RECORD,199088888,2,3,3,-4.98,54.6,24.66
TYPE_RECORD,199088889,4,3,3,-0.015882496,0.19822577,0.0018325958
TYPE_RECORD,199088889,9,3,3,0.082629114,3.1829684,9.27536
TYPE_RECORD,199088889,11,13,3,0.036868826,0.16040272,0.9667065
TYPE_RECORD,199088889,10,3,3,0.3770576,0.95421183,0.5504437
TYPE_RECORD,199088893,4,3,3,-0.032986723,0.24587326,-0.008246681
TYPE_RECORD,199088893,9,3,3,0.07753398,3.185545,9.274518
TYPE_RECORD,199088893,10,3,3,0.38215274,0.95163524,0.5512854
TYPE_RECORD,199088894,11,-36,3,0.036682293,0.160579,0.96663105
TYPE_RECORD,199088898,4,3,3,-0.045814894,0.27855456,-0.0012217305
TYPE_RECORD,199088898,9,3,3,0.073798224,3.1856587,9.27451
TYPE_RECORD,199088898,11,-49,3,0.036537293,0.16061339,0.96657825
TYPE_RECORD,199088898,10,3,3,0.3858885,0.9515216,0.551293
TYPE_RECORD,199088899,1,3,3,0.58418524,4.0701427,9.921572
TYPE_RECORD,199088899,2,3,3,-4.92,54.719997,24.72
TYPE_RECORD,199088903,4,3,3,-0.043982297,0.33505958,-0.0012217305
TYPE_RECORD,199088905,6,0,3,1017.25104,-33.257126,28.568748
TYPE_RECORD,199088908,1,3,3,0.6799533,4.156334,10.170568
TYPE_RECORD,199088908,2,3,3,-4.92,54.84,24.66
TYPE_RECORD,199088908,4,3,3,-0.046731193,0.37720928,-3.0543262E-4
TYPE_RECORD,199088908,10,3,3,0.61536473,0.97080755,0.8959464
TYPE_RECORD,199088908,11,-60,3,0.03611167,0.16069151,0.9665292
TYPE_RECORD,199088908,9,3,3,0.06458858,3.1855264,9.274622
TYPE_RECORD,199088913,4,3,3,-0.03940081,0.45051312,0.011911872
TYPE_RECORD,199088913,9,3,3,0.055410486,3.1851737,9.274804
TYPE_RECORD,199088913,11,33,3,0.035677943,0.16075978,0.966491
TYPE_RECORD,199088913,10,3,3,0.6245428,0.97116005,0.8957646
TYPE_RECORD,199088918,4,3,3,-0.054061573,0.49571714,0.032375857
TYPE_RECORD,199088918,9,3,3,0.047225498,3.182225,9.275861
TYPE_RECORD,199088918,11,-16,3,0.03526518,0.16068314,0.966477
TYPE_RECORD,199088918,10,3,3,0.6327278,0.97410893,0.8947084
TYPE_RECORD,199088919,2,3,3,-4.92,55.02,24.779999
TYPE_RECORD,199088919,1,3,3,0.7661445,4.357447,10.362105
TYPE_RECORD,199088923,4,3,3,-0.062002823,0.50946164,0.04337143
TYPE_RECORD,199088923,9,3,3,0.03726181,3.1799502,9.276689
TYPE_RECORD,199088923,10,3,3,0.72888273,1.1774969,1.0854168
TYPE_RECORD,199088924,11,47,3,0.03476618,0.16066091,0.9664613
TYPE_RECORD,199088928,4,3,3,-0.07360926,0.5448918,0.03848451
TYPE_RECORD,199088929,11,-21,3,0.034107015,0.1606272,0.96645945
TYPE_RECORD,199088929,10,3,3,0.74172586,1.1805913,1.0843133
TYPE_RECORD,199088929,9,3,3,0.024418695,3.1768558,9.277792
TYPE_RECORD,199088929,1,3,3,0.7565677,4.271256,10.840945
TYPE_RECORD,199088930,2,3,3,-4.7999997,55.26,24.72
TYPE_RECORD,199088934,4,3,3,-0.07788532,0.5626069,0.028099801
TYPE_RECORD,199088934,11,-57,3,0.033568848,0.16067566,0.96643907
TYPE_RECORD,199088934,10,3,3,0.7430305,1.0955299,1.5627468
TYPE_RECORD,199088934,9,3,3,0.013537235,3.175726,9.278198
TYPE_RECORD,199088938,4,3,3,-0.0870483,0.58276546,0.026572637
TYPE_RECORD,199088938,11,114,3,0.032940518,0.16070129,0.9664295
TYPE_RECORD,199088938,10,3,3,0.7554628,1.097424,1.5620868
TYPE_RECORD,199088938,9,3,3,0.0011048925,3.1738317,9.278858
TYPE_RECORD,199088939,1,3,3,0.58418524,4.2425256,11.032481
TYPE_RECORD,199088940,2,3,3,-4.68,55.26,24.539999
TYPE_RECORD,199088943,4,3,3,-0.08368854,0.59131753,0.024129177
TYPE_RECORD,199088943,11,-31,3,0.03225539,0.16055927,0.96643984
TYPE_RECORD,199088943,10,3,3,0.5960673,1.0738986,1.7518542
TYPE_RECORD,199088943,9,3,3,-0.011882052,3.1686273,9.280627
TYPE_RECORD,199088945,6,0,3,1017.1947,-32.789986,28.560417
TYPE_RECORD,199088948,4,3,3,-0.0870483,0.59498274,0.030848695
TYPE_RECORD,199088948,11,-114,3,0.03153906,0.1603891,0.9664592
TYPE_RECORD,199088948,10,3,3,0.60947293,1.0797455,1.7498856
TYPE_RECORD,199088948,9,3,3,-0.02528766,3.1627803,9.282596
TYPE_RECORD,199088949,1,3,3,0.47884035,4.3478703,11.262324
TYPE_RECORD,199088949,2,3,3,-4.5,55.32,24.42
TYPE_RECORD,199088953,4,3,3,-0.090713486,0.59712076,0.022907447
TYPE_RECORD,199088953,9,3,3,-0.04216931,3.1557667,9.28492
TYPE_RECORD,199088953,11,19,3,0.030638414,0.16019398,0.9664825
TYPE_RECORD,199088953,10,3,3,0.5210096,1.1921035,1.9774048
TYPE_RECORD,199088958,4,3,3,-0.10751228,0.59773165,0.028710667
TYPE_RECORD,199088958,11,72,3,0.029747754,0.15996255,0.96651953
TYPE_RECORD,199088958,10,3,3,0.5374167,1.1997548,1.9748973
TYPE_RECORD,199088958,9,3,3,-0.058576364,3.1481154,9.287428
TYPE_RECORD,199088959,1,3,3,0.40222588,4.5394063,11.386824
TYPE_RECORD,199088959,2,3,3,-4.3199997,55.199997,24.359999
TYPE_RECORD,199088964,4,3,3,-0.13469578,0.5900958,0.04734206
TYPE_RECORD,199088964,11,-117,3,0.02878927,0.15973476,0.96656024
TYPE_RECORD,199088964,10,3,3,0.47845992,1.39914,2.0968654
TYPE_RECORD,199088964,9,3,3,-0.07623404,3.1402664,9.289958
TYPE_RECORD,199088969,4,3,3,-0.1704314,0.5723807,0.07269296
TYPE_RECORD,199088970,9,3,3,-0.09296675,3.1313753,9.292805
TYPE_RECORD,199088970,11,-24,3,0.027863247,0.15944411,0.9666131
TYPE_RECORD,199088970,10,3,3,0.49519265,1.4080311,2.0940182
TYPE_RECORD,199088970,1,3,3,0.16280572,4.462792,11.473015
TYPE_RECORD,199088971,2,3,3,-4.2599998,55.26,24.359999
TYPE_RECORD,199088974,4,3,3,-0.23335053,0.57757306,0.10751228
TYPE_RECORD,199088974,11,34,3,0.02685233,0.15915579,0.96668434
TYPE_RECORD,199088974,10,3,3,0.2738512,1.3405869,2.177323
TYPE_RECORD,199088974,9,3,3,-0.11104546,3.122205,9.2956915
TYPE_RECORD,199088978,4,3,3,-0.30665436,0.59498274,0.1337795
TYPE_RECORD,199088978,11,112,3,0.025854742,0.15875597,0.9667787
TYPE_RECORD,199088978,10,3,3,0.29113942,1.3517642,2.1737971
TYPE_RECORD,199088978,9,3,3,-0.12833372,3.1110277,9.299217
TYPE_RECORD,199088979,1,3,3,-0.12449849,4.10845,11.597513
TYPE_RECORD,199088979,2,3,3,-4.08,55.199997,24.539999
TYPE_RECORD,199088983,4,3,3,-0.3933972,0.61391956,0.15974127
TYPE_RECORD,199088983,11,-120,3,0.024609296,0.15814571,0.9669338
TYPE_RECORD,199088983,10,3,3,0.024656303,1.0134183,2.293271
TYPE_RECORD,199088983,9,3,3,-0.1491548,3.0950315,9.304242
TYPE_RECORD,199088985,6,0,3,1017.1923,-32.769936,28.554165
TYPE_RECORD,199088988,4,3,3,-0.47250426,0.6261369,0.18142697
TYPE_RECORD,199088988,11,14,3,0.023336815,0.15739034,0.9671211
TYPE_RECORD,199088988,10,3,3,0.045272827,1.0321932,2.2873974
TYPE_RECORD,199088988,9,3,3,-0.16977131,3.0762565,9.310116
TYPE_RECORD,199088989,1,3,3,-0.39264908,3.7541082,11.903971
TYPE_RECORD,199088989,2,3,3,-4.02,55.199997,24.6
TYPE_RECORD,199088993,4,3,3,-0.5348125,0.625526,0.19394971
TYPE_RECORD,199088994,11,-25,3,0.021743018,0.15625685,0.9673835
TYPE_RECORD,199088994,10,3,3,-0.19778983,0.70483637,2.585476
TYPE_RECORD,199088994,9,3,3,-0.19485925,3.0492718,9.318495
TYPE_RECORD,199089004,4,3,3,-0.5729916,0.6282749,0.18997909
TYPE_RECORD,199089004,9,3,3,-0.22013022,3.0202098,9.3273945
TYPE_RECORD,199089004,11,42,3,0.020117462,0.15501805,0.96766156
TYPE_RECORD,199089004,2,3,3,-3.8999999,55.379997,24.66
TYPE_RECORD,199089004,9,3,3,-0.2477443,2.9841194,9.33831
TYPE_RECORD,199089004,11,14,3,0.018294565,0.1534405,0.96799904
TYPE_RECORD,199089004,10,3,3,-0.24067284,0.4156471,2.8338113
TYPE_RECORD,199089004,4,3,3,-0.58093286,0.6053675,0.19272798
TYPE_RECORD,199089004,1,3,3,-0.48841715,3.3997664,12.172121
TYPE_RECORD,199089004,10,3,3,-0.17251886,0.7338985,2.5765767
TYPE_RECORD,199089008,4,3,3,-0.58123827,0.6017023,0.18387043
TYPE_RECORD,199089008,9,3,3,-0.27608156,2.9472466,9.349221
TYPE_RECORD,199089008,10,3,3,-0.21233559,0.4525199,2.8229
TYPE_RECORD,199089009,11,117,3,0.016434766,0.15183006,0.9683289
TYPE_RECORD,199089011,1,3,3,-0.5363012,3.064578,12.26789
TYPE_RECORD,199089011,2,3,3,-3.72,55.32,24.66
TYPE_RECORD,199089013,4,3,3,-0.5705481,0.5900958,0.17837265
TYPE_RECORD,199089014,9,3,3,-0.3038557,2.9052956,9.361482
TYPE_RECORD,199089014,11,100,3,0.014556553,0.14995147,0.9686874
TYPE_RECORD,199089014,10,3,3,-0.2324455,0.1592825,2.9064078
TYPE_RECORD,199089019,4,3,3,-0.5360342,0.5540548,0.15302174
TYPE_RECORD,199089021,9,3,3,-0.33020523,2.8651586,9.3729515
TYPE_RECORD,199089021,11,-124,3,0.012784922,0.14815205,0.96900773
TYPE_RECORD,199089021,10,3,3,-0.20609595,0.19941959,2.8949382
TYPE_RECORD,199089021,1,3,3,-0.7374141,2.7485435,12.334928
TYPE_RECORD,199089022,2,3,3,-3.6,55.26,24.48
TYPE_RECORD,199089023,4,3,3,-0.473726,0.51923543,0.12522738
TYPE_RECORD,199089024,11,-26,3,0.0110054,0.14623456,0.96932745
TYPE_RECORD,199089024,10,3,3,-0.38097027,-0.074197456,2.950075
TYPE_RECORD,199089024,9,3,3,-0.35644385,2.822741,9.384852
TYPE_RECORD,199089025,6,0,3,1017.2276,-33.062653,28.568748
TYPE_RECORD,199089028,4,3,3,-0.40561453,0.46792278,0.087659165
TYPE_RECORD,199089029,11,-61,3,0.009395237,0.14442657,0.9696001
TYPE_RECORD,199089029,10,3,3,-0.35718766,-0.034382164,2.9391222
TYPE_RECORD,199089029,9,3,3,-0.38022646,2.7829256,9.395805
TYPE_RECORD,199089031,1,3,3,-0.9959879,2.5091233,12.53604
TYPE_RECORD,199089031,2,3,3,-3.36,55.32,24.42
TYPE_RECORD,199089034,4,3,3,-0.33261612,0.41508293,0.058643065
TYPE_RECORD,199089034,9,3,3,-0.40526778,2.7425017,9.406637
TYPE_RECORD,199089034,11,69,3,0.00772558,0.14260183,0.9698565
TYPE_RECORD,199089034,10,3,3,-0.5907201,-0.23337826,3.1294029
TYPE_RECORD,199089039,4,3,3,-0.269697,0.3539964,0.04734206
TYPE_RECORD,199089039,9,3,3,-0.42729902,2.7054915,9.416375
TYPE_RECORD,199089039,11,-7,3,0.006255169,0.14092326,0.97006917
TYPE_RECORD,199089039,10,3,3,-0.56868887,-0.19636808,3.1196647
TYPE_RECORD,199089041,1,3,3,-1.2066777,2.5570073,12.77546
TYPE_RECORD,199089041,2,3,3,-3.0,55.379997,24.3
TYPE_RECORD,199089043,4,3,3,-0.20341812,0.32895094,0.053450707
TYPE_RECORD,199089044,10,3,3,-0.75444525,-0.111797705,3.3497846
TYPE_RECORD,199089044,11,41,3,0.0046463413,0.13929367,0.97026443
TYPE_RECORD,199089044,9,3,3,-0.4522324,2.6688051,9.425675
TYPE_RECORD,199089048,4,3,3,-0.17104226,0.27763826,0.046731193
TYPE_RECORD,199089048,9,3,3,-0.47290343,2.6341176,9.434414
TYPE_RECORD,199089048,11,-97,3,0.003286802,0.13772415,0.97042584
TYPE_RECORD,199089048,10,3,3,-0.73377424,-0.07711013,3.3410466
TYPE_RECORD,199089051,1,3,3,-1.3982137,2.4420857,12.919112
TYPE_RECORD,199089051,2,3,3,-2.8799999,55.559998,24.18
TYPE_RECORD,199089053,4,3,3,-0.105374254,0.24617869,0.046731193
TYPE_RECORD,199089053,9,3,3,-0.49588755,2.6044893,9.441457
TYPE_RECORD,199089053,11,-50,3,0.0018566985,0.1364412,0.97055304
TYPE_RECORD,199089053,10,3,3,-0.9023262,-0.16240357,3.4776552
TYPE_RECORD,199089058,4,3,3,-0.021380283,0.20219639,0.050396383
TYPE_RECORD,199089058,9,3,3,-0.515431,2.5778685,9.447715
TYPE_RECORD,199089058,11,-112,3,6.361074E-4,0.13527827,0.9706528
TYPE_RECORD,199089058,10,3,3,-0.8827828,-0.13578269,3.4713972
TYPE_RECORD,199089061,1,3,3,-1.3790601,2.3175871,12.74673
TYPE_RECORD,199089061,2,3,3,-2.58,55.559998,24.0
TYPE_RECORD,199089063,4,3,3,0.06536258,0.18203785,0.047036625
TYPE_RECORD,199089063,9,3,3,-0.537094,2.5529583,9.45327
TYPE_RECORD,199089063,11,-109,3,-6.717015E-4,0.13422704,0.97073144
TYPE_RECORD,199089063,10,3,3,-0.84196615,-0.23537104,3.2934594
TYPE_RECORD,199089065,6,0,3,1017.0998,-32.00202,28.543749
TYPE_RECORD,199089068,4,3,3,0.15821409,0.16279559,0.053450707
TYPE_RECORD,199089068,9,3,3,-0.5561034,2.5328734,9.457572
TYPE_RECORD,199089068,11,-28,3,-0.0017971897,0.13339697,0.9707799
TYPE_RECORD,199089068,10,3,3,-0.82295674,-0.21528628,3.2891579
TYPE_RECORD,199089071,1,3,3,-1.2545617,2.1452048,12.593501
TYPE_RECORD,199089071,2,3,3,-2.46,55.62,23.88
TYPE_RECORD,199089073,4,3,3,0.2321288,0.13652839,0.051618114
TYPE_RECORD,199089073,9,3,3,-0.573514,2.5153596,9.461207
TYPE_RECORD,199089073,11,109,3,-0.0028073597,0.13268317,0.97079885
TYPE_RECORD,199089073,10,3,3,-0.68104774,-0.37015492,3.132294
TYPE_RECORD,199089079,4,3,3,0.30482176,0.124005646,0.044593163
TYPE_RECORD,199089079,9,3,3,-0.59028494,2.5025492,9.463573
TYPE_RECORD,199089079,11,22,3,-0.0037354047,0.13220498,0.9707835
TYPE_RECORD,199089079,10,3,3,-0.6642768,-0.35734454,3.1299276
TYPE_RECORD,199089083,1,3,3,-1.0151415,1.9919758,12.0093155
TYPE_RECORD,199089083,2,3,3,-2.22,55.559998,23.88
TYPE_RECORD,199089083,4,3,3,0.37293324,0.16432275,0.035124753
TYPE_RECORD,199089083,9,3,3,-0.6063776,2.49159,9.465446
TYPE_RECORD,199089083,10,3,3,-0.40876395,-0.49961424,2.543869
TYPE_RECORD,199089083,11,62,3,-0.0046045333,0.13181561,0.9707467
TYPE_RECORD,199089088,4,3,3,0.40530908,0.21197024,0.0693332
TYPE_RECORD,199089088,9,3,3,-0.6215196,2.4827435,9.466789
TYPE_RECORD,199089088,11,-64,3,-0.005414879,0.13152489,0.9707129
TYPE_RECORD,199089088,10,3,3,-0.39362186,-0.4907678,2.5425265
TYPE_RECORD,199089091,1,3,3,-0.58418524,2.0398598,11.118672
TYPE_RECORD,199089091,2,3,3,-2.1,55.379997,23.82
TYPE_RECORD,199089094,4,3,3,0.41172317,0.23518312,0.086437434
TYPE_RECORD,199089094,9,3,3,-0.6346037,2.4759963,9.467688
TYPE_RECORD,199089094,11,-30,3,-0.0060863197,0.13132112,0.97064704
TYPE_RECORD,199089094,10,3,3,0.05041841,-0.43613648,1.650985
TYPE_RECORD,199089098,4,3,3,0.40469822,0.2968805,0.099571034
TYPE_RECORD,199089098,9,3,3,-0.6511752,2.470344,9.46804
TYPE_RECORD,199089098,11,13,3,-0.0069346325,0.13121083,0.9705865
TYPE_RECORD,199089098,10,3,3,0.06698997,-0.43048444,1.650632
TYPE_RECORD,199089103,4,3,3,0.4016439,0.3585779,0.13041973
TYPE_RECORD,199089103,9,3,3,-0.662798,2.468949,9.467596
TYPE_RECORD,199089104,10,3,3,0.07861275,-0.4290895,1.6510768
TYPE_RECORD,199089104,11,80,3,-0.0074975095,0.13126588,0.97051823
TYPE_RECORD,199089110,1,3,3,-0.49799395,2.0398598,10.333375
TYPE_RECORD,199089110,10,3,3,0.1783472,-0.42602748,0.8659394
TYPE_RECORD,199089110,9,3,3,-0.6763412,2.465887,9.467435
TYPE_RECORD,199089110,4,3,3,0.37048978,0.40378192,0.15302174
TYPE_RECORD,199089110,6,0,3,1017.15857,-32.490246,28.558332
TYPE_RECORD,199089110,2,3,3,-1.9799999,55.379997,24.0
TYPE_RECORD,199089111,11,-34,3,-0.00817764,0.13125631,0.9704619
TYPE_RECORD,199089113,4,3,3,0.33505958,0.4428773,0.17012598
TYPE_RECORD,199089114,11,47,3,-0.008977304,0.13125491,0.9704182
TYPE_RECORD,199089114,10,3,3,0.19400954,-0.42268518,0.8662001
TYPE_RECORD,199089114,9,3,3,-0.6920035,2.462545,9.467175
TYPE_RECORD,199089114,1,3,3,-0.45010993,1.9249382,10.036493
TYPE_RECORD,199089114,2,3,3,-1.8,55.379997,24.06
TYPE_RECORD,199089119,4,3,3,0.2932153,0.47311515,0.17379116
TYPE_RECORD,199089119,11,-116,3,-0.009822573,0.1313084,0.9703747
TYPE_RECORD,199089119,10,3,3,0.25853315,-0.5351304,0.56990534
TYPE_RECORD,199089119,9,3,3,-0.7086431,2.4600685,9.466588
TYPE_RECORD,199089123,4,3,3,0.25961772,0.5002986,0.18112154
TYPE_RECORD,199089136,10,3,3,0.27638417,-0.5313903,0.57028764
TYPE_RECORD,199089136,9,3,3,-0.7264941,2.4563284,9.466206
TYPE_RECORD,199089138,11,-84,3,-0.011691935,0.13116586,0.97033006
TYPE_RECORD,199089138,10,3,3,0.16956742,-0.7067878,0.196466
TYPE_RECORD,199089138,9,3,3,-0.7441758,2.4497666,9.466532
TYPE_RECORD,199089138,4,3,3,0.21991149,0.5021312,0.17134771
TYPE_RECORD,199089138,2,3,3,-1.68,55.559998,24.18
TYPE_RECORD,199089138,1,3,3,-0.5746084,1.7429788,9.662998
TYPE_RECORD,199089138,11,89,3,-0.010749748,0.13130993,0.97034806
TYPE_RECORD,199089138,4,3,3,0.23823744,0.4981606,0.12308934
TYPE_RECORD,199089139,9,3,3,-0.7629811,2.4442267,9.466468
TYPE_RECORD,199089139,10,3,3,0.18837275,-0.7012479,0.1965303
TYPE_RECORD,199089139,1,3,3,-0.78529817,1.4460979,8.935161
TYPE_RECORD,199089139,2,3,3,-1.5,55.5,24.06
TYPE_RECORD,199089139,4,3,3,0.5821546,0.5363397,0.051923547
TYPE_RECORD,199089139,11,69,3,-0.012669351,0.13108769,0.97028565
TYPE_RECORD,199089140,11,-19,3,-0.01373509,0.13168792,0.9701302
TYPE_RECORD,199089140,10,3,3,0.0010478286,-1.0048304,-0.5276608
TYPE_RECORD,199089140,9,3,3,-0.78634596,2.4509282,9.462822
TYPE_RECORD,199089143,4,3,3,0.8567385,0.59864795,0.040317107
TYPE_RECORD,199089143,9,3,3,-0.8102418,2.4552453,9.459685
TYPE_RECORD,199089143,10,3,3,0.024943668,-1.0091475,-0.5245248
TYPE_RECORD,199089144,11,48,3,-0.014856076,0.13217235,0.9699932
TYPE_RECORD,199089144,1,3,3,-2.2409728,1.5131354,8.676587
TYPE_RECORD,199089144,2,3,3,-1.5,55.44,24.06
TYPE_RECORD,199089146,6,0,3,1017.16327,-32.529343,28.554165
TYPE_RECORD,199089148,4,3,3,0.8536842,0.68783426,0.03176499
TYPE_RECORD,199089148,9,3,3,-0.84187996,2.460719,9.455499
TYPE_RECORD,199089148,10,3,3,-1.3990929,-0.9475837,-0.77891165
TYPE_RECORD,199089149,11,113,3,-0.016333852,0.13280386,0.9697972
TYPE_RECORD,199089154,4,3,3,0.8035932,0.6462954,0.018325957
TYPE_RECORD,199089154,2,3,3,-1.26,55.379997,24.119999
TYPE_RECORD,199089154,1,3,3,-2.2409728,1.5131354,8.676587
TYPE_RECORD,199089154,11,91,3,-0.017518196,0.13392971,0.96951735
TYPE_RECORD,199089154,10,3,3,-1.3708568,-0.9633561,-0.772237
TYPE_RECORD,199089154,9,3,3,-0.8701162,2.4764915,9.448824
TYPE_RECORD,199089159,4,3,3,0.7333437,0.54244834,0.039095376
TYPE_RECORD,199089184,9,3,3,-0.9213529,2.492444,9.439769
TYPE_RECORD,199089185,10,3,3,-1.3196199,-0.97930855,-0.76318216
TYPE_RECORD,199089185,11,-22,3,-0.019884223,0.13531592,0.9692152
TYPE_RECORD,199089185,9,3,3,-0.9670884,2.5001547,9.433153
TYPE_RECORD,199089185,11,-94,3,-0.022064142,0.13622145,0.9689809
TYPE_RECORD,199089185,10,3,3,-1.2738844,-0.9870193,-0.7565666
TYPE_RECORD,199089185,1,3,3,-2.9783869,2.5474305,11.147403
TYPE_RECORD,199089185,4,3,3,0.54367006,0.38362336,0.10262536
TYPE_RECORD,199089185,2,3,3,-1.3199999,55.32,24.119999
TYPE_RECORD,199089186,4,3,3,0.046120327,-0.070554934,0.19242255
TYPE_RECORD,199089186,10,3,3,-1.9456244,0.053445175,1.7195804
TYPE_RECORD,199089186,1,3,3,-2.9496565,2.2601264,11.60709
TYPE_RECORD,199089186,2,3,3,-1.1999999,55.26,24.24
TYPE_RECORD,199089186,9,3,3,-1.0581014,2.4841235,9.427617
TYPE_RECORD,199089186,11,5,3,-0.026704306,0.13642673,0.96866345
TYPE_RECORD,199089186,9,3,3,-1.0749519,2.4660006,9.430469
TYPE_RECORD,199089186,10,3,3,-1.8747046,-0.20587416,2.1766217
TYPE_RECORD,199089186,6,0,3,1017.18274,-32.690742,28.560417
TYPE_RECORD,199089186,2,3,3,-1.02,55.26,24.48
TYPE_RECORD,199089186,1,3,3,-2.6623523,2.2218192,11.549629
TYPE_RECORD,199089186,11,42,3,-0.027731894,0.13568693,0.96871567
TYPE_RECORD,199089186,4,3,3,-0.20891592,-0.42455134,0.22021692
TYPE_RECORD,199089186,10,3,3,-1.8915551,-0.22399698,2.179473
TYPE_RECORD,199089186,4,3,3,-0.11056661,-0.29260445,0.19517145
TYPE_RECORD,199089186,11,-114,3,-0.025349306,0.13664654,0.96870893
TYPE_RECORD,199089186,9,3,3,-1.0327624,2.4939854,9.427823
TYPE_RECORD,199089186,11,-51,3,-0.023915028,0.13671029,0.9688034
TYPE_RECORD,199089186,9,3,3,-1.0049667,2.5013828,9.428867
TYPE_RECORD,199089186,10,3,3,-1.9734201,0.04604776,1.7185359
TYPE_RECORD,199089186,4,3,3,0.29077184,0.17654006,0.16646078
TYPE_RECORD,199089189,4,3,3,-0.30115658,-0.47250426,0.24587326
TYPE_RECORD,199089189,9,3,3,-1.0838361,2.4357402,9.437312
TYPE_RECORD,199089189,11,35,3,-0.028478397,0.13423856,0.96885765
TYPE_RECORD,199089189,10,3,3,-1.5785162,-0.21392113,2.1123166
TYPE_RECORD,199089312,4,3,3,-0.38331795,-0.57818395,0.24984388
TYPE_RECORD,199089312,2,3,3,-1.02,55.14,24.9
TYPE_RECORD,199089312,9,3,3,-1.0835587,2.4018898,9.446017
TYPE_RECORD,199089312,11,-123,3,-0.028798481,0.13250616,0.96904254
TYPE_RECORD,199089312,9,3,3,-1.0772312,2.366857,9.455579
TYPE_RECORD,199089312,2,3,3,-0.96,55.199997,24.72
TYPE_RECORD,199089312,4,3,3,-0.376293,-0.72784597,0.23579398
TYPE_RECORD,199089312,10,3,3,-1.5659674,-0.3748812,1.4428275
TYPE_RECORD,199089312,9,3,3,-1.0573082,2.2926998,9.476076
TYPE_RECORD,199089312,10,3,3,-1.1357806,-0.6167587,0.17734511
TYPE_RECORD,199089312,1,3,3,-2.6431987,1.9919758,10.898406
TYPE_RECORD,199089312,11,66,3,-0.02883063,0.13064651,0.96925527
TYPE_RECORD,199089312,11,56,3,-0.028579954,0.12664036,0.96972513
TYPE_RECORD,199089312,4,3,3,-0.27488935,-0.65576386,0.22571471
TYPE_RECORD,199089312,4,3,3,-0.43188173,-0.73456544,0.23762658
TYPE_RECORD,199089312,9,3,3,-1.0478542,2.2582796,9.485387
TYPE_RECORD,199089312,10,3,3,-1.1452346,-0.5823383,0.16803485
TYPE_RECORD,199089312,10,3,3,-1.5787936,-0.18007074,2.103612
TYPE_RECORD,199089312,2,3,3,-0.84,55.26,24.6
TYPE_RECORD,199089312,9,3,3,-1.0671657,2.328666,9.466197
TYPE_RECORD,199089312,11,-1,3,-0.028451782,0.12478128,0.9699342
TYPE_RECORD,199089312,1,3,3,-1.532289,1.3120226,8.389283
TYPE_RECORD,199089312,10,3,3,-1.576033,-0.33669016,1.4322096
TYPE_RECORD,199089312,4,3,3,-0.1572978,-0.52015173,0.21502456
TYPE_RECORD,199089312,9,3,3,-1.037285,2.2275782,9.493804
TYPE_RECORD,199089312,4,3,3,-0.4083634,-0.66950834,0.2434298
TYPE_RECORD,199089312,11,115,3,-0.028711366,0.12858462,0.96949935
TYPE_RECORD,199089312,10,3,3,-0.49500412,-0.91555566,-1.1045202
TYPE_RECORD,199089312,11,44,3,-0.028229449,0.12310074,0.97012186
TYPE_RECORD,199089312,1,3,3,-2.1930888,1.6759412,9.653421
TYPE_RECORD,199089313,9,3,3,-1.0365028,2.1054838,9.521712
TYPE_RECORD,199089313,4,3,3,0.09254608,0.023823744,0.10445796
TYPE_RECORD,199089313,9,3,3,-1.0277427,2.1567793,9.511174
TYPE_RECORD,199089313,10,3,3,-0.4999521,-0.88813806,-1.1114514
TYPE_RECORD,199089313,11,38,3,-0.028253095,0.12165158,0.97026736
TYPE_RECORD,199089313,1,3,3,-0.7469909,1.13964,7.393295
TYPE_RECORD,199089313,6,0,3,1017.193,-32.77595,28.560417
TYPE_RECORD,199089313,1,3,3,-1.0247183,0.9768343,7.6231384
TYPE_RECORD,199089313,2,3,3,-0.96,55.079998,25.199999
TYPE_RECORD,199089313,9,3,3,-1.0333831,2.1192524,9.518996
TYPE_RECORD,199089313,2,3,3,-1.02,55.079998,25.019999
TYPE_RECORD,199089313,4,3,3,-0.0018325958,-0.1826487,0.14660765
TYPE_RECORD,199089313,11,79,3,-0.029035727,0.11757223,0.9705051
TYPE_RECORD,199089313,9,3,3,-1.026227,2.177253,9.506673
TYPE_RECORD,199089313,10,3,3,0.0015087241,-1.2004187,-1.8835347
TYPE_RECORD,199089313,11,82,3,-0.029300632,0.11691581,0.9705051
TYPE_RECORD,199089313,11,-16,3,-0.028161457,0.1204224,0.97037137
TYPE_RECORD,199089313,4,3,3,0.042760566,-0.034513887,0.102319926
TYPE_RECORD,199089313,9,3,3,-1.0406358,2.0914543,9.524352
TYPE_RECORD,199089313,10,3,3,0.0030245355,-1.179945,-1.8880355
TYPE_RECORD,199089313,11,-127,3,-0.028425137,0.11940307,0.9704336
TYPE_RECORD,199089313,2,3,3,-0.96,55.079998,25.199999
TYPE_RECORD,199089313,9,3,3,-1.0264026,2.138043,9.515548
TYPE_RECORD,199089313,10,3,3,0.2794117,-0.99840283,-2.122253
TYPE_RECORD,199089313,11,117,3,-0.028524602,0.11844161,0.9704881
TYPE_RECORD,199089313,4,3,3,0.10170906,0.0983493,0.10629055
TYPE_RECORD,199089313,10,3,3,0.2863922,-0.9796125,-2.1257017
TYPE_RECORD,199089313,1,3,3,-0.6991069,1.5801731,7.517793
TYPE_RECORD,199089313,4,3,3,0.1001819,0.121256754,0.11759156
TYPE_RECORD,199089313,10,3,3,0.33739597,-0.5253106,-2.0039186
TYPE_RECORD,199089313,4,3,3,0.08552113,0.090713486,0.12217305
TYPE_RECORD,199089313,4,3,3,-0.07574729,-0.35033122,0.18906279
TYPE_RECORD,199089313,9,3,3,-1.032337,2.2001605,9.500734
TYPE_RECORD,199089314,11,79,3,-0.030057374,0.114136815,0.97047746
TYPE_RECORD,199089314,4,3,3,-0.08155051,-0.09682214,0.112704635
TYPE_RECORD,199089314,10,3,3,0.14387977,-0.22224429,-1.8287838
TYPE_RECORD,199089314,9,3,3,-1.0450817,2.0606508,9.530579
TYPE_RECORD,199089314,10,3,3,-0.017943872,0.07497706,-1.9553245
TYPE_RECORD,199089314,11,-105,3,-0.030067265,0.11476821,0.9704694
TYPE_RECORD,199089314,1,3,3,-0.90021986,1.8483237,7.699753
TYPE_RECORD,199089314,10,3,3,0.34152898,-0.51128113,-2.0065584
TYPE_RECORD,199089314,4,3,3,-0.12339478,-0.16249016,0.108123146
TYPE_RECORD,199089314,9,3,3,-1.0429866,2.04851,9.533423
TYPE_RECORD,199089314,10,3,3,-0.020039018,0.08711787,-1.9581695
TYPE_RECORD,199089314,4,3,3,-0.15515977,-0.20738874,0.09896017
TYPE_RECORD,199089314,10,3,3,-0.14563166,0.38416928,-2.295567
TYPE_RECORD,199089314,4,3,3,-0.16340645,-0.24098633,0.07971791
TYPE_RECORD,199089314,1,3,3,-1.2641385,2.6144683,6.8091097
TYPE_RECORD,199089314,1,3,3,-1.1875241,2.4229321,7.240066
TYPE_RECORD,199089314,10,3,3,0.14291883,-0.23330256,-1.8264778
TYPE_RECORD,199089314,11,-97,3,-0.029618578,0.11625805,0.97050107
TYPE_RECORD,199089314,4,3,3,-0.026572637,-0.032375857,0.12522738
TYPE_RECORD,199089314,10,3,3,-0.14910145,0.39479384,-2.2982097
TYPE_RECORD,199089314,2,3,3,-0.9,55.14,25.26
TYPE_RECORD,199089314,4,3,3,0.034208454,0.030848695,0.13133603
TYPE_RECORD,199089314,2,3,3,-0.96,55.14,25.019999
TYPE_RECORD,199089314,11,-107,3,-0.030070975,0.11363879,0.9704666
TYPE_RECORD,199089314,9,3,3,-1.0418924,2.0387628,9.535633
TYPE_RECORD,199089314,9,3,3,-1.0384227,2.0281384,9.538276
TYPE_RECORD,199089314,11,107,3,-0.029969629,0.11307106,0.9704566
TYPE_RECORD,199089314,6,0,3,1017.1068,-32.060165,28.560417
TYPE_RECORD,199089314,9,3,3,-1.0431386,2.0816262,9.526231
TYPE_RECORD,199089314,11,94,3,-0.029816294,0.11579455,0.9704889
TYPE_RECORD,199089314,2,3,3,-0.9,55.199997,25.08
TYPE_RECORD,199089314,9,3,3,-1.0440996,2.070568,9.528537
TYPE_RECORD,199089314,11,-91,3,-0.029945835,0.1152525,0.9704801
TYPE_RECORD,199089314,1,3,3,-1.0630256,2.135628,7.575254
TYPE_RECORD,199089315,4,3,3,-0.098043874,-0.35979962,0.06352998
TYPE_RECORD,199089315,11,48,3,-0.029546127,0.11240371,0.9703262
TYPE_RECORD,199089315,4,3,3,-0.105068825,-0.31764993,0.06994407
TYPE_RECORD,199089315,9,3,3,-1.0216794,2.0215378,9.541485
TYPE_RECORD,199089315,9,3,3,-1.0366304,2.0225446,9.5396595
TYPE_RECORD,199089315,4,3,3,-0.07086037,-0.3924809,0.06811147
TYPE_RECORD,199089315,2,3,3,-1.14,55.14,25.019999
TYPE_RECORD,199089315,2,3,3,-1.14,55.02,25.08
TYPE_RECORD,199089315,10,3,3,-0.3861112,1.0238867,-2.962219
TYPE_RECORD,199089315,9,3,3,-1.0297593,2.016314,9.541723
TYPE_RECORD,199089315,4,3,3,-0.13805555,-0.2968805,0.073303826
TYPE_RECORD,199089315,1,3,3,-1.388637,2.8443117,6.6367273
TYPE_RECORD,199089315,2,3,3,-1.14,54.96,25.199999
TYPE_RECORD,199089315,9,3,3,-1.0247264,2.0155327,9.542429
TYPE_RECORD,199089315,11,94,3,-0.029003939,0.11259846,0.9701695
TYPE_RECORD,199089315,10,3,3,-0.36391056,0.82877886,-2.905702
TYPE_RECORD,199089315,11,109,3,-0.029905079,0.11277603,0.97042656
TYPE_RECORD,199089315,1,3,3,-1.4077905,3.0454245,6.579266
TYPE_RECORD,199089315,11,-20,3,-0.029259492,0.11231835,0.970264
TYPE_RECORD,199089315,4,3,3,-0.14966199,-0.24984388,0.07727446
TYPE_RECORD,199089315,9,3,3,-1.031721,2.0164177,9.541489
TYPE_RECORD,199089315,10,3,3,-0.35887775,0.8279976,-2.9049962
TYPE_RECORD,199089315,6,0,3,1017.21747,-32.978447,28.55
TYPE_RECORD,199089315,10,3,3,-0.22750805,0.5919237,-2.7305503
TYPE_RECORD,199089315,11,47,3,-0.0296823,0.11242088,0.9703933
TYPE_RECORD,199089315,10,3,3,-0.23241745,0.59805053,-2.7323792
